342.22
318.8365019011407
354.96201329534665
330.90216368767636
249.60288461538462
265.0057361376673
285.1052132701422
287.90340909090907
223.29543245869777
254.4201923076923
239.96814671814673
330.95170454545456
303.7375
238.39278937381405
237.53225806451613
247.71212121212122
239.610153256705
245.3548387096774
279.3035897435897
267.67446393762185
275.2051773729626
267.42993326978075
305.4341085271318
180.5826170009551
277.98643410852713
223.63384321223708
213.176414189837
245.66793529971457
239.50932835820896
248.8406072106262
205.72946859903382
254.16234390009606
236.51555136663524
287.587786259542
196.16396568160152
194.3292102759277
222.53639846743295
219.1955098222638
213.04625346901017
199.28530805687203
286.5915768854065
256.85645933014354
215.85497630331753
283.71589840075256
180.32670454545453
199.383877159309
272.3606710158434
257.49575871819036
252.32485875706215
194.13946869070207
199.08729388942774
201.56120527306967
170.22243528283798
212.313986679353
228.55199222546162
215.5114503816794
174.75806451612902
152.3150289017341
210.0706781279847
163.72579098753596
264.2770398481973
292.30616113744077
178.20666666666668
192.1902485659656
233.79166666666666
198.8759765625
211.4675572519084
293.59961685823754
194.92483349191247
185.17370441458732
226.54657794676805
189.81184336198663
173.7621776504298
199.99810606060606
173.5171102661597
192.2425695110259
205.52430886558628
169.5608108108108
167.30373831775702
207.0739336492891
202.3914691943128
215.85174693106705
182.15654648956357
265.60496183206106
260.51615969581746
241.52367149758453
269.1782650142993
185.70813397129186
275.6657142857143
201.79558541266795
190.9817483189241
195.37661141804787
181.93296089385476
195.51149425287358
163.8385518590998
182.1695238095238
205.04297994269342
159.29951690821255
190.6264367816092
186.3426103646833
230.97473275024296
207.08857142857144
176.57830188679245
195.11276794035416
181.21361058601136
206.10785241248817
221.27507163323781
216.0925572519084
194.87737642585552
212.75047619047618
188.3846153846154
193.00578592092575
188.7979127134725
195.72356935014548
191.38591549295774
190.46622889305817
172.69804287045667
152.74218009478673
179.53136882129277
167.2224316682375
169.61473087818698
171.28612440191387
273.45600756859034
238.8051575931232
202.2557915057915
180.52247191011236
180.25628626692458
213.9090909090909
205.53598484848484
172.58693563880882
181.98743961352656
184.4943181818182
202.84037558685446
199.00571973307913
171.62022900763358
146.45351043643265
163.32627526467758
185.32057416267943
170.13288718929255
161.98941289701636
159.32045240339303
217.0588803088803
181.15134633240484
130.140169332079
201.13383600377003
175.45602294455068
167.0530888030888
201.78650646950092
190.51740357478835
192.0191570881226
185.7826086956522
197.19391634980988
155.7981220657277
169.19530516431925
177.6638418079096
188.9933014354067
177.66886171213545
149.6333973128599
172.42435775451952
153.1996161228407
147.36862003780718
173.87009345794394
196.67311411992264
179.21988527724665
170.34331150608045
156.9933586337761
154.1734496124031
193.5666982024598
204.18998109640833
168.53116011505273
170.57769304099142
178.85206532180595
158.8560677328316
176.29799426934096
169.43702290076337
174.01977401129943
152.03336510962822
185.10236966824644
164.99808429118775
162.47248576850095
145.50572519083968
200.72521246458925
167.85906040268458
186.9876893939394
181.5451055662188
167.2975845410628
148.94934333958724
222.62154432793136
178.33654773384762
198.05728155339807
217.4942196531792
183.07757805108798
175.5151515151515
167.34377967711302
156.53205741626795
166.69230769230768
153.25238095238095
168.26672950047126
158.60268714011517
145.94985808893094
156.70482497634816
182.22692307692307
177.38846153846154
179.56591337099812
150.8376811594203
153.2791586998088
176.0323501427212
161.5994318181818
176.845785440613
171.28095238095239
187.76553672316385
175.84966698382493
171.68421052631578
165.1907957813998
176.98568702290078
152.13572101790763
167.0377906976744
147.3091603053435
167.6933962264151
153.67080152671755
140.35226179018287
198.78779342723004
172.01429933269782
129.28736740597878
169.87878787878788
189.25738798856054
169.0173076923077
163.83478260869566
140.151284490961
144.50566037735848
156.7718309859155
170.02946768060838
168.50662878787878
167.08468125594672
149.4811320754717
135.27110694183864
133.46623496762257
155.58168083097263
156.32949087415946
134.92120075046904
210.29816069699902
191.0151371807001
153.5587686567164
162.60673076923078
154.5242165242165
156.19423076923076
145.45179584120984
184.63123236124176
168.7622641509434
143.17914691943128
147.29770992366412
122.92358490566038
124.68156424581005
119.72254335260115
142.28397375820057
141.13384321223708
125.44444444444444
130.54354066985647
108.56676003734827
120.52251407129457
130.20093896713615
122.12380038387715
138.03157894736842
128.41442307692307
123.48252427184465
135.59150943396227
121.83931947069944
144.5122641509434
133.87001897533207
143.90408357075023
142.9078947368421
128.51704545454547
143.86857142857144
127.31173708920188
118.34857142857143
125.28038277511962
130.40019193857967
118.76544401544402
123.11288805268109
105.74463937621833
131.96564885496184
127.5749063670412
155.7341532639546
119.53598484848484
132.42220113851994
114.60018903591683
115.60761904761905
121.52906976744185
119.93139097744361
102.74952198852772
129.761320754717
127.6425855513308
128.39733840304183
134.62141491395795
129.2747358309318
130.55325164938736
134.80809031044214
130.67894239848914
121.08309990662931
113.79202279202279
120.76375711574953
177.44266917293234
128.18458610846812
112.12115384615385
162.93225190839695
128.27984718242598
137.73490566037736
137.25377358490567
125.46513849092646
124.3292102759277
113.43410852713178
124.03308128544424
135.10192307692307
117.823585810163
130.42587346553353
138.44412878787878
131.32478632478632
138.27360308285165
132.62451737451738
115.84615384615384
131.21904761904761
125.96142991533397
111.26315789473684
185.89635316698656
115.40666666666667
156.0553435114504
115.15799432355723
124.26340996168582
135.58333333333334
140.30842911877394
142.10361216730038
133.6714559386973
125.03601895734597
146.6361886429259
138.6148713060057
120.31950989632422
108.0036866359447
122.615234375
115.97514340344168
121.0974930362117
132.31202290076337
114.05781990521326
122.31237911025146
118.10761904761905
113.55566037735849
113.47007722007721
112.12227488151659
127.28805394990366
136.7579250720461
135.90220517737296
129.30813397129185
118.98670465337132
121.28214971209214
113.18347742555235
128.47714285714287
124.23666978484565
123.23359073359073
126.82822655524605
133.42095238095237
119.22105263157894
166.82088122605364
137.19249278152068
121.65893719806763
114.63481551561021
133.57223264540337
115.37463697967087
149.40156709108717
135.46431969552808
127.83476599808978
135.47433460076044
121.38599810785242
111.26137463697967
126.95777351247601
130.26685934489402
118.88331726133076
117.0324118207817
126.03490566037736
136.4904397705545
136.12535885167463
131.90849673202615
123.77407054337465
124.77543186180422
120.23624288425047
182.29799426934096
121.7280534351145
120.31762488218662
157.0475737392959
118.267364414843
134.9126679462572
138.5505293551492
129.96212121212122
126.80135004821601
131.8328611898017
124.1353670162059
131.4412041392286
131.70311027332704
134.59655831739963
127.27635327635328
117.42745861733204
117.97892720306514
108.39674952198853
176.24184261036467
116.11475409836065
132.6889534883721
145.41110065851365
127.22201492537313
129.86458333333334
117.04038461538461
149.18631178707224
139.1534795042898
150.74425287356323
150.15572967678747
148.08176691729324
138.38397017707362
123.12763915547025
128.04380952380953
133.35961538461538
122.9904489016237
124.52233009708738
135.29186155285313
171.99534450651768
143.81399808245445
126.07816968541468
135.37630331753556
109.66350710900474
110.43579766536965
118.67928098391674
113.63972736124634
131.29068673565382
138.84348641049672
124.69734345351044
125.44688995215311
122.28396226415094
122.63865546218487
134.93252108716027
138.1225259189444
119.968809073724
125.78425925925926
114.15942028985508
113.70722433460077
114.44726930320151
137.1506080449018
120.22705314009661
124.92441860465117
140.829035339064
130.56463878326997
117.69056974459725
137.06925996204933
131.78694817658348
133.35066162570888
145.16666666666666
140.46139359698682
119.50286806883365
131.59116541353384
124.90917782026769
136.54142581888246
125.85767441860465
119.1674595623216
124.81843838193791
120.17017208413002
125.60717658168083
125.36103151862464
169.58767772511848
117.35077519379846
168.3790476190476
132.64923954372622
122.45933014354067
129.90651558073654
124.10984848484848
135.87734082397003
145.18138651471986
112.90622009569378
142.7027027027027
129.23406279733587
119.52022577610536
140.28746465598493
129.6291390728477
107.63558515699334
125.70077972709552
124.63430725730443
124.87749287749288
135.54832535885168
117.99810066476734
114.34910122989594
136.98385565052232
138.9064546304958
147.11747572815534
136.2133971291866
138.74371373307542
140.98774740810555
135.95393474088291
159.5522813688213
138.10751665080875
133.79342723004694
132.67867575462512
119.59177820267686
123.28056872037915
109.64170616113744
119.8419540229885
115.14043355325165
