383.11641221374043
361.04442344045367
364.8657844990548
373.2977736549165
321.14956855225313
377.56377799415776
365.354527938343
306.83895853423337
250.05747126436782
315.68506184586107
333.512893982808
298.9447092469018
336.9665071770335
340.39101338432124
356.5478927203065
336.83027965284475
281.15586854460093
361.53314121037465
318.52817574021014
344.41555977229604
304.2404214559387
295.7480988593156
326.334288443171
311.769305019305
356.45540796963945
292.6666666666667
313.32007575757575
319.73628488931666
328.1873804971319
346.42924086223053
338.73644148430066
300.51358950328023
363.4011352885525
318.9426627793975
332.00583090379007
323.807619047619
354.7355769230769
310.7729007633588
337.9556185080264
319.5121241513094
309.88201712654615
303.2790262172285
317.30732635585156
308.5426944971537
301.55103969754254
292.97398843930637
301.66190476190474
317.730659025788
331.8752417794971
342.07286673058485
306.1980952380952
322.1231203007519
288.94134615384615
284.21763602251406
285.4400767018217
314.67996108949416
293.41198858230257
341.6781496062992
316.64811320754717
267.6124176857949
318.8704414587332
237.50618458610847
302.61342155009453
285.82677902621725
310.45445920303604
326.23069590085794
324.10710900473936
294.27777777777777
256.6702025072324
238.3515850144092
306.2456647398844
283.04861773117256
328.95402298850576
291.1668255481411
299.3250950570342
307.25404376784013
273.98757170172087
325.71772639691716
315.05665722379604
301.8746438746439
363.3184834123223
267.6660412757974
306.3872216844143
305.68046198267564
323.2212725546059
309.39924670433146
298.0636451301832
257.28330206378985
297.7054337464252
277.2851711026616
316.2364990689013
317.4603024574669
227.90995260663507
318.5184824902724
299.50376647834275
265.8134615384615
309.84615384615387
251.52362584378014
288.4906015037594
287.1294559099437
311.49570200573066
287.0191570881226
269.4825918762089
300.35369458128076
273.5264169068204
291.44646271510516
276.60882070949185
266.5491329479769
287.52716873212586
280.43548387096774
248.00096711798838
216.0431115276476
271.27831094049907
336.1873804971319
280.3566569484937
293.91409266409266
261.9815712900097
266.71331389698736
291.0488262910798
270.9733587059943
215.36877394636016
270.25312800769973
236.90377358490565
275.94896030245746
285.4095238095238
356.9783834586466
306.26300851466414
252.9749759384023
280.9565627950897
261.2168099331423
309.8720602069614
294.36606291706386
235.90066857688635
227.60093896713616
282.0198675496689
239.13051823416507
265.6211832061069
290.76761904761906
270.8283018867925
239.9058039961941
276.9026717557252
269.39325842696627
257.52057416267945
248.0553435114504
228.0152817574021
221.59635666347074
277.6827386692382
247.81491973559963
276.40449438202245
275.9088319088319
235.5125
282.76575729068674
206.05571293673276
275.75471698113205
289.4426691729323
255.13658070678127
214.3505747126437
262.9539906103286
280.5165692007797
260.1082621082621
265.7791586998088
251.4938036224976
250.89569377990432
258.55608820709494
273.2464319695528
267.4708097928437
295.2659069325736
264.8025169409487
278.23330197554094
233.23076923076923
243.0933081998115
259.4898336414048
269.3635486981678
289.91861552853135
268.5571428571429
277.5604914933837
307.96194100856326
250.67426400759734
277.18486590038316
258.39867424242425
255.21072796934865
265.87949465500486
248.39334637964774
257.45746691871454
225.88045540796963
220.62886597938143
242.09595484477893
223.70247148288973
270.8443804034582
235.9264565425024
204.25357483317444
252.1251193887297
236.97623574144487
253.9562383612663
258.3352165725047
248.1006711409396
240.21042471042472
205.6149369544132
269.3973509933775
261.926213592233
257.01335877862596
244.0595703125
245.85522531160115
279.5330776605944
279.0477099236641
281.08662900188324
258.023832221163
227.4990494296578
278.68939393939394
245.90371782650143
196.97716460513797
273.31279178338
294.03629417383
252.8130393096836
259.39044943820227
196.88931297709922
278.99709864603483
272.338122605364
271.1898854961832
275.0075329566855
239.5078277886497
227.44497607655504
229.134724857685
238.74694261523987
241.81190019193858
256.4111431316042
230.6460945033751
239.96320754716982
231.38915318744054
259.1568441064639
208.80810028929605
275.19106463878325
210.77228682170542
201.02213666987487
233.13610586011342
247.20037629350892
252.4129400570885
263.4372586872587
254.31138287864533
217.6975845410628
222.52853133769878
230.33774834437085
218.603629417383
231.70731707317074
241.13796384395815
199.76989453499522
231.00767018216683
236.47718631178708
265.7581261950287
227.40655105973025
244.2564841498559
261.01921229586935
201.91300280636108
254.4815864022663
260.771186440678
240.37858508604205
223.7311411992263
247.56638013371537
267.8934108527132
233.20058139534885
259.10694183864916
240.5853193517636
239.90815370196813
210.86298763082777
232.87221684414328
213.124531835206
222.45865384615385
197.8048309178744
227.01917545541707
269.85457979225686
239.6698202459792
299.0139017608897
235.4382657869934
221.75955265610438
217.03200775945683
259.1478016838166
249.83287165281624
210.91090047393365
221.13452492944498
223.9521484375
237.18720602069615
236.20884289746002
223.17416267942585
208.25332068311195
254.49201877934271
194.3880742913001
237.20500481231954
292.8486842105263
196.69951690821256
235.29158878504674
242.1908831908832
246.85142857142858
220.36241610738256
244.3206106870229
209.78323699421966
221.15333333333334
253.68173258003768
218.13333333333333
249.43909348441926
257.08034026465026
226.92080152671755
199.88223748773308
239.32983794089608
206.71928166351606
237.81975071907956
270.49528301886795
209.07196261682242
241.09716981132075
212.39278937381405
245.85812133072406
207.52764306498545
177.9452313503305
263.1756373937677
230.19751908396947
194.64156339370828
253.33142311365808
237.50613786591123
238.0742526518804
219.4961759082218
263.40095693779904
241.53271028037383
252.9591439688716
227.98104265402844
196.7832699619772
244.8001912045889
201.59381044487426
219.54362416107384
209.00866217516844
160.14299242424244
250.9269230769231
227.11490978157644
274.27645376549094
200.1707779886148
256.99243140964995
249.10244360902254
234.4375
211.02539981185325
228.61882129277566
174.40423484119344
227.32790028763182
203.30689329556185
221.6354066985646
257.03732057416266
239.46425166825549
214.06628242074927
184.0106075216972
240.7578051087985
200.63330125120308
221.6826003824092
231.8325449385052
200.0225352112676
198.30268199233717
196.5946205571566
255.28708133971293
266.66061185468453
252.05981308411214
221.24427480916032
274.9316888045541
229.30917874396135
218.50194552529183
231.3988764044944
209.7535953978907
247.21266540642722
250.20210727969348
184.0
234.36121673003802
238.25815738963533
240.92488262910797
217.50521327014218
244.46743295019158
235.66476190476192
201.83397312859884
225.5028790786948
255.8810408921933
243.58461538461538
193.669874879692
215.522030651341
273.608776844071
205.00657276995304
227.42329545454547
219.1173076923077
244.68850902184235
262.1296992481203
215.58045977011494
182.6743295019157
243.4976167778837
239.23529411764707
195.43803216650898
205.47219512195122
223.01538461538462
192.24170616113744
260.92038834951455
257.57250470809794
203.55524079320114
190.55019305019306
231.11847014925374
208.6769825918762
232.39776951672863
202.30518234165066
176.8900675024108
170.21759697256385
130.3113658070678
223.0953307392996
152.88888888888889
171.67313288069835
188.78773584905662
170.87776708373437
161.95681381957775
185.5334590009425
184.44666666666666
181.9477186311787
164.2989493791786
172.9671497584541
184.14678899082568
152.2751677852349
176.90241545893718
157.8047393364929
179.7310606060606
187.73759541984734
220.14161008729388
194.53203883495146
214.19637750238323
185.38883632923367
230.47283126787417
175.76258309591643
210.14202898550724
201.32075471698113
226.12900188323917
171.11549295774648
159.59291187739464
185.00662878787878
158.86756238003838
184.89388145315488
183.7328897338403
188.14650283553874
172.68962172647915
184.42372881355934
159.10338345864662
207.71104815864024
181.50047938638542
163.22190476190477
190.52777777777777
137.702649656526
164.98838334946757
184.8190476190476
208.29562737642587
215.95660203139428
164.4559241706161
221.98972922502335
233.4214559386973
211.54901960784315
196.61372180451127
160.0
159.2743445692884
177.99142040038132
128.86723973256923
175.1286113699907
181.82837967401727
152.8707224334601
147.3815028901734
143.482276119403
156.24376199616123
180.3562559694365
174.7663197729423
178.44245283018867
175.26185958254268
221.38846880907371
214.54907677356658
205.72701149425288
168.00096432015428
153.61041465766635
218.20225776105363
168.89312977099237
140.0943396226415
143.40666666666667
137.55096153846154
137.4971209213052
161.67677725118483
151.5763358778626
231.36918604651163
160.9566055930569
171.4223484848485
175.16433239962652
165.11320754716982
135.96168582375478
161.31083650190115
201.3635496183206
153.79558541266795
221.79352997145577
165.20210727969348
169.8022813688213
151.64450867052022
191.5981220657277
190.62406015037595
174.82024597918638
221.06610009442872
171.6354961832061
212.84608120868745
198.38011695906434
192.19810426540283
