430.29676787463274
304.8793590951932
333.2284069097889
329.6682509505703
350.58874045801525
311.69340974212037
314.0942857142857
327.883920076118
365.25747348119575
339.5687203791469
325.96
365.3302063789869
313.0302743614002
282.510962821735
311.8323754789272
316.17898832684824
287.3090737240076
333.3377609108159
306.7217973231358
316.44509232264335
314.9074427480916
286.0828516377649
322.62247838616713
363.1496212121212
350.4278937381404
303.9282296650718
340.7321937321937
285.6504854368932
292.04450757575756
301.98443579766536
299.0871248789932
326.2462264150943
310.93155893536124
375.57102001906577
278.26698113207544
380.82646212847555
367.28462273161415
331.1821705426357
359.47041984732823
289.1947318908749
317.88354186718
279.1563088512241
326.5056925996205
286.93875598086123
322.98757170172087
304.13145539906105
336.8404966571156
333.7357762777242
337.64359214218894
317.1229586935639
311.94594594594594
279.74152952565345
295.4784276126558
353.33207190160834
291.75791433891993
246.26091081593927
289.7864734299517
358.8039961941009
309.2748815165877
286.6909788867562
307.093422306959
253.6864244741874
289.3295774647887
294.40761904761905
276.9352380952381
317.30589335827875
273.9932432432432
298.7337786259542
260.1898854961832
266.5052331113225
303.8087954110899
307.08413001912044
314.12546816479403
275.5236258437801
279.45385347288294
289.9520737327189
299.18929254302105
317.6740172579099
277.0171265461465
263.65939278937384
280.9062792877226
276.14966634890374
249.3019943019943
305.4032105760151
305.6704980842912
269.8009389671362
291.83590733590734
290.43589743589746
310.54154727793696
277.87642585551333
317.4338374291115
284.8240302743614
245.70275403608736
294.70009460737936
255.1949563530553
294.1871401151632
299.48444863336476
328.4712535344015
257.87620889748547
232.89864864864865
242.39903381642512
325.79320388349515
270.5885122410546
306.5053242981607
323.80057251908397
231.55232558139534
255.53861003861005
253.51773729626078
298.1004784688995
305.438032166509
263.38653846153846
271.23173076923075
217.49517374517376
260.37914691943126
309.1712654614653
266.626204238921
250.84431709646609
286.98961284230404
301.0482497634816
267.42870813397127
264.647564469914
253.44870565675936
278.09031044214487
257.1729468599034
238.52253116011505
266.06602870813396
255.33397129186602
284.1424528301887
277.5903500473037
295.240302743614
279.884652049571
276.27889207258835
248.60677328316086
242.25621414913957
270.79017013232516
238.63661971830984
284.2568720379147
295.3982808022923
261.74666666666667
284.85033365109626
243.52857142857144
273.306103286385
261.28692380056447
231.3368320610687
254.99252336448598
289.25283018867924
287.0403458213257
273.13157894736844
266.697896749522
265.8987583572111
276.80676328502415
290.3519924098672
233.15188679245284
276.83317535545024
253.79962192816635
257.3245283018868
208.86717998075073
200.76117982873453
228.60608943862988
230.34375
278.7855787476281
230.49952785646838
277.63923444976075
265.54277566539923
249.11374407582937
221.94721960414702
267.5265654648956
288.642166344294
232.0920303605313
235.19169027384325
283.07939508506615
277.7885714285714
265.8139754485364
297.46806482364155
197.6098484848485
275.10566762728143
247.20882352941177
226.03636363636363
262.9035679845709
258.5949855351977
236.21394460362941
271.65184484389783
264.294003868472
256.10283018867926
263.3832221163012
256.9625360230548
264.97801147227534
245.0500945179584
212.23304680038206
254.03185328185327
281.75239005736137
207.76022835394863
258.5579847908745
292.0383877159309
292.56109022556393
253.2671829622459
232.49613152804642
232.86057692307693
262.20754716981133
210.93175355450236
228.08936970837254
231.61959654178673
224.12832699619773
269.99056603773585
244.9096958174905
263.69651272384544
289.54623450905626
261.05413105413106
225.6796875
258.8595825426945
256.7566287878788
253.2391930835735
260.84578997161776
232.80443159922928
266.96372093023257
212.519394512772
250.473481195757
211.45540796963948
239.9340245051838
201.1615969581749
237.39691714836223
229.63934426229508
252.43502824858757
251.50950570342206
243.79472140762462
235.40512333965845
260.16824196597355
261.9031339031339
230.13140096618358
231.47114474929043
227.5596508244423
218.66601941747572
239.26434619002822
212.68773946360153
272.64395393474086
282.77862595419845
283.96869070208726
234.5124521072797
226.64244741873804
257.20365033621516
250.1731684110371
198.26462128475552
222.5494296577947
239.44337811900192
277.4227488151659
279.2550529355149
255.9451923076923
243.06507177033492
243.66476190476192
241.91860465116278
221.24480151228732
235.63584905660377
270.1121583411876
247.68085106382978
190.9054820415879
213.12704523580365
226.17357762777243
240.74576271186442
237.35843660629172
248.23054755043228
283.3908484270734
208.52399232245682
243.40379146919432
216.30236966824646
224.41682242990655
231.10361216730038
261.9104908565929
178.36977186311788
234.83173076923077
190.86763285024153
241.15576923076924
263.85578747628085
232.12559923298178
211.80816714150046
226.03364485981308
241.61767531219982
200.1031518624642
235.99326923076924
232.2304015296367
237.0858244937319
241.43170964660936
260.88
251.0527306967985
216.96496212121212
226.61684011352887
200.8093422306959
278.4923076923077
234.1322393822394
254.2058536585366
213.36531007751938
249.1551891367604
243.51509433962264
263.92857142857144
267.1813909774436
236.0206378986867
247.52140818268316
206.40953307392996
231.56393129770993
208.62906309751435
258.0419047619048
202.3139097744361
212.1082375478927
251.77003816793894
246.49338374291116
191.71193016488846
206.08544600938967
213.0106485963214
230.81285444234405
241.06611570247935
247.24624060150376
184.86888454011742
211.9546313799622
245.1735459662289
238.5638095238095
208.10943396226415
233.7012987012987
219.28598306679208
268.10280373831773
246.10550887021475
222.81012658227849
229.81652257444765
234.76203966005664
242.9346153846154
181.19412878787878
195.6802270577105
197.95288461538462
236.86998087954112
213.50520340586567
173.02125603864735
246.23580365736285
253.76796116504855
149.9913043478261
212.49144486692015
224.8645038167939
254.98965192850423
226.16900093370683
192.17029328287606
214.09655831739963
222.92589027911453
241.31847725162487
210.482421875
245.85565052231718
241.60303893637226
172.9047619047619
147.80407371483997
232.17894736842106
214.9080348499516
179.19567262464722
239.43019943019942
267.07163053722905
238.8015122873346
195.21217887725976
218.18602455146365
203.09809523809523
264.4667291471415
201.4003777148253
243.4134705332086
223.87627906976743
223.71320037986703
199.9294566253575
207.81470869149953
263.2564102564103
237.87835249042146
225.3448275862069
238.22296015180265
171.62991371045064
228.1209523809524
221.94001874414246
224.1264258555133
237.0254716981132
253.92843511450383
250.28219696969697
183.89026717557252
209.3826923076923
200.93434823977165
191.68164435946463
181.18606870229007
200.49471661863592
205.3145009416196
226.2179363548698
166.2678916827853
243.72736030828517
185.33651096282173
201.18808193668528
214.7226970560304
201.88631984585743
210.68574199806014
217.3235294117647
196.47892720306513
194.38915318744054
236.61567164179104
248.02067669172934
256.5067567567568
216.99619047619046
214.71782650142993
196.01509433962264
186.58486905916587
185.98264223722276
169.34146341463415
180.36641221374046
145.87392550143267
174.1078998073218
155.82539682539684
154.31608654750707
173.20456707897242
175.7249527410208
226.6190019193858
189.07040913415796
182.21833648393195
205.83109404990404
179.64218455743878
172.49146110056927
170.3485981308411
174.0465983224604
180.86367969494756
183.5255052935515
187.8203422053232
173.10611854684512
167.47109004739337
178.05635148042026
213.02930056710775
214.8380213385063
173.00193236714975
180.4477468839885
157.73759541984734
169.9311320754717
159.1405197305101
167.44390243902438
185.35406698564594
142.43383742911152
208.60267430754536
170.5191570881226
220.23311132254995
170.37819905213271
193.13770180436848
152.80523255813952
182.62536302032913
195.045197740113
187.57619047619048
149.76981852913084
186.9235849056604
156.83446272991287
162.51291866028708
168.1358024691358
178.5908658420552
152.6153846153846
164.42041198501872
194.51794374393793
167.56558935361215
193.66698473282443
157.10481586402267
207.98282442748092
223.47468958930276
137.20285714285714
193.32003798670465
174.28366762177652
131.4933586337761
159.6494140625
175.1883786316776
157.76323387872955
160.775
192.97998093422308
227.37403846153848
177.18190386427898
191.73345759552657
155.26770126091174
187.36182336182335
162.54732895970008
190.5613870665417
189.5061963775024
213.34629981024668
201.61619047619047
126.12921890067503
167.28158148505304
156.8563327032136
137.2045009784736
194.70095238095237
165.0795781399808
225.99333333333334
203.4788334901223
148.10531309297912
153.30637488106566
156.3870029097963
204.32313575525814
156.30280373831775
225.80281690140845
220.0924369747899
153.92293054234062
161.31947069943288
162.7516587677725
170.72648752399232
204.89483747609944
139.3589015151515
119.37271853986552
159.0931796349664
193.98393194706995
151.44140625
191.43032015065913
156.96219281663517
176.20283018867926
