247.94227994227995
172.3953488372093
173.10043041606886
270.9617021276596
227.8968023255814
176.52708638360176
248.84801136363637
180.9956896551724
283.2492836676218
248.76803394625176
214.8328611898017
134.1281690140845
141.98693759071116
187.44412607449857
164.59018759018758
135.45582047685835
240.64978902953587
132.07902298850576
220.5050505050505
173.47109826589596
140.11881188118812
136.22159887798037
251.82193732193733
128.0042492917847
209.35511363636363
157.9482014388489
150.89728958630528
193.00285306704708
226.03730272596843
130.998585572843
214.59290780141845
126.36142857142858
129.6191155492154
201.79154929577464
169.07344632768363
182.3342939481268
110.17739628040057
168.51988636363637
244.45911047345768
184.09026798307477
142.44269340974213
139.0976290097629
164.29208633093526
167.47075606276746
116.85443959243086
117.07801418439716
122.03566333808844
154.75317348377996
156.45480631276902
167.46947674418604
230.1193820224719
148.8309659090909
144.8777614138439
139.19230769230768
147.30070921985816
191.2346208869814
171.7968970380818
154.93408134642357
124.11126961483595
116.12393162393163
147.9375866851595
166.44571428571427
185.05308464849355
168.7886524822695
128.17579250720462
119.08238636363636
134.67149059334298
124.73631123919309
148.14527503526094
126.86657101865136
154.15602836879432
118.09682080924856
112.48514851485149
185.4438122332859
140.90973201692523
104.71026722925457
105.86086956521739
121.32107496463932
167.96561604584528
155.191091954023
133.2212389380531
129.66101694915255
176.41477272727272
120.30624092888243
141.15633802816902
119.9376811594203
157.9971346704871
200.70477568740955
144.82203389830508
192.8132183908046
146.711175616836
148.63505747126436
127.88969521044993
123.56132756132756
114.22539229671898
126.59857142857143
118.90254237288136
122.98542274052478
133.60636758321274
123.66244725738396
156.78347578347578
125.95552367288379
113.30579710144927
109.00429799426934
111.621776504298
133.1190817790531
134.1064139941691
118.46582984658299
140.04667609618105
191.7925925925926
112.53237410071942
152.70251396648044
115.27083333333333
156.72364672364674
106.03571428571429
98.40992907801419
126.47183098591549
150.11587982832617
155.7534818941504
140.60744985673352
97.53535353535354
119.02094972067039
107.93333333333334
129.16358463726885
151.87197724039828
99.80311614730878
108.12265512265512
106.36811594202898
148.75671852899575
103.24123422159887
137.01977401129943
106.88028169014085
103.316091954023
109.7114568599717
142.20172910662825
114.7525179856115
111.02549575070822
103.37304964539007
112.69897209985315
127.18832116788322
117.77478753541077
115.04227405247813
113.67002881844381
101.14577259475219
150.15647226173542
128.81443298969072
102.82209469153516
106.35327635327636
117.1757925072046
115.67709815078236
105.12753623188406
125.90651558073654
129.12941176470588
104.0767004341534
102.04379562043796
105.08215297450425
120.3061224489796
121.49219858156029
99.64722617354197
107.85410764872522
120.33333333333333
130.7171717171717
117.02691218130312
104.87589158345222
100.48382559774964
101.43201133144476
115.63314447592067
111.29478138222849
90.23121387283237
100.57933042212518
138.12372634643376
100.86497890295358
101.1248206599713
104.71751412429379
98.44017725258493
97.76281112737921
93.54390934844193
102.25070821529745
96.73417721518987
103.92608695652174
90.40345821325649
117.86280056577087
127.59493670886076
123.06320224719101
110.39625360230548
122.48648648648648
96.34826589595376
98.33575581395348
129.97615708274895
108.38681948424069
101.22931785195937
137.8513888888889
108.73944687045123
100.85085227272727
97.98419540229885
100.02064896755162
118.65400843881856
156.87965616045847
115.53596614950635
94.53679653679653
105.46589259796806
109.09325681492109
99.79603399433428
110.87377279102384
100.81161473087819
98.0
95.65191740412979
120.5650929899857
102.98145506419401
120.43300423131171
103.15297450424929
106.66476462196862
103.23076923076923
114.2475106685633
104.28349788434414
103.53216374269006
103.50490883590463
98.65373563218391
101.11094674556213
97.3056768558952
101.54820143884892
112.22943722943722
103.0042492917847
95.99285714285715
102.85569985569985
104.22953216374269
100.41889985895628
99.75753228120516
94.60342368045649
90.41285714285715
103.50071326676176
102.71652421652422
98.15078236130867
132.8661870503597
108.6145251396648
102.29640287769784
110.0379746835443
89.6728045325779
129.046875
86.140625
97.80583941605839
109.19744318181819
102.87661406025825
103.65173410404624
126.9839883551674
96.89098837209302
90.1806358381503
88.77241379310345
102.58498583569406
98.38383838383838
90.13933236574746
92.33048433048432
87.53879310344827
87.17638691322902
86.36974789915966
84.93217893217893
87.67977528089888
88.2950354609929
82.71489971346705
83.93352192362093
86.3121387283237
90.3135593220339
86.28017241379311
89.3012729844413
89.44079885877318
84.18634423897582
88.30014224751066
83.40651558073654
86.02966101694915
83.61549497847919
88.47795163584637
91.12357954545455
90.52142857142857
86.8989898989899
87.8080229226361
87.61046511627907
86.76086956521739
86.04409672830725
84.71816881258941
82.72069464544138
90.31494920174165
87.86981402002861
86.85227272727273
86.48933143669986
90.06030855539971
85.39913544668588
80.53488372093024
81.84921763869133
97.87428571428572
81.86571428571429
86.78581560283688
91.1994382022472
83.50859598853869
87.6923076923077
86.45165945165945
101.31473533619456
85.89473684210526
84.29046242774567
82.64970930232558
83.1534090909091
88.0418410041841
90.23265895953757
92.18591549295775
86.7325746799431
86.0965034965035
85.19117647058823
82.73371924746743
86.02890173410404
88.27690100430416
81.19400855920114
87.41799709724238
108.67836257309942
87.957805907173
87.24722222222222
89.3375350140056
86.71757925072046
83.34598540145986
85.40198863636364
80.83787661406026
81.68990042674253
87.2914862914863
90.91911764705883
85.68
88.5049786628734
87.28260869565217
85.32808022922636
86.7048951048951
84.48463687150839
82.27431059506532
87.32340425531915
87.72689075630252
87.43857142857142
91.39914163090128
87.38048090523338
88.82664756446991
90.30440967283073
85.49088359046283
81.00854700854701
83.98439716312056
77.17097701149426
88.6895104895105
89.03367496339678
97.05772005772006
91.44793152639087
90.01709401709402
87.21597633136095
87.39093484419263
84.14914772727273
80.6588579795022
80.26657263751763
87.81428571428572
88.98868458274399
91.23130193905817
90.78939828080229
87.46065808297568
90.49157303370787
84.62269503546099
80.92816091954023
81.21789321789322
81.75753228120516
84.24714285714286
106.17191977077364
105.57478005865103
85.83948863636364
89.04943502824858
84.43794579172611
83.04892086330935
86.3935119887165
79.81459854014598
81.15469613259668
87.29113924050633
89.10384068278805
92.19047619047619
88.44092219020173
92.38833570412518
93.99426934097421
86.61877667140826
83.42736248236953
82.72262773722628
79.27960057061341
84.53285714285714
86.6581560283688
92.15202231520223
87.8300283286119
87.77729885057471
84.52750352609308
88.69735006973501
80.29172714078375
81.15107913669065
85.67647058823529
94.91891891891892
90.97122302158273
91.34482758620689
85.58959537572254
84.72934472934473
89.125
82.71769662921348
82.98424068767908
80.68794326241135
79.42037302725969
86.9135446685879
88.86857142857143
87.39856115107914
92.22849083215797
83.59598853868195
86.32309941520468
81.41218130311614
82.42736248236953
83.35146443514644
83.62097902097902
89.08857142857143
87.59482758620689
91.53922967189729
88.43401759530792
83.50985915492957
85.80320699708454
81.59914407988587
80.125
82.19971469329529
82.41833810888252
87.58664772727273
100.57758620689656
90.08988764044943
100.45376955903272
85.71014492753623
87.56638418079096
86.75988700564972
89.64265129682997
81.55344070278184
77.93794076163611
87.76428571428572
97.9606188466948
84.15971223021583
92.0260492040521
86.18077474892397
87.92565597667638
82.90664780763791
82.92430858806405
77.93162393162393
79.29361702127659
92.52639087018545
88.11318051575931
90.52353780313837
85.3574529667149
91.05890603085554
81.51066856330014
86.95007132667618
83.02130681818181
82.74244604316547
81.64756446991404
89.5982905982906
85.42978723404255
92.33714285714285
90.45887445887446
85.40798858773181
89.80311614730878
85.39428571428572
84.95726495726495
81.53922967189729
78.70935251798561
92.62640449438203
90.58732394366197
88.73956834532375
85.2621776504298
83.15925394548063
107.92727272727272
84.7409972299169
83.00433526011561
86.41836734693878
80.42717086834733
97.78591954022988
89.02145922746782
91.05187319884726
89.52186177715092
84.47194244604317
86.13226744186046
80.0705035971223
81.35507246376811
88.7215909090909
80.93045897079277
88.38176638176638
86.22957746478873
87.52769679300292
95.04034582132564
83.67366946778712
84.69113573407202
89.58848314606742
81.90895953757226
90.99573863636364
79.58125915080527
87.92198581560284
90.19508670520231
88.18207681365575
89.98732394366198
88.8688293370945
87.86168741355463
92.71530758226037
87.392700729927
83.4090909090909
82.75393419170243
