254.46186440677965
176.41501416430594
227.70745428973277
190.37945791726105
146.3969144460028
185.57787481804948
231.0838068181818
229.9543509272468
206.2832618025751
208.2357142857143
217.6264367816092
155.54711673699015
146.742816091954
180.29871977240398
140.69688385269123
179.98166431593793
182.1180654338549
232.85352112676057
141.14513788098694
191.71550497866286
168.76760563380282
233.44956772334294
201.72687861271677
240.42052023121389
165.1736011477762
126.29219858156029
144.12265512265512
186.98589562764457
182.7774524158126
184.13960113960113
175.66140602582496
157.99852071005918
193.9590395480226
140.82496413199425
194.26117318435755
134.9799713876967
194.27936962750715
170.2094395280236
218.3475073313783
238.75867052023122
173.1304347826087
182.65217391304347
171.3887323943662
208.75352112676057
229.55747126436782
131.4031339031339
224.92340425531916
168.68740955137483
214.86063218390805
158.2851063829787
176.45750708215297
147.75320970042796
134.78601997146933
205.51169590643275
158.45142857142858
138.0158501440922
147.7733918128655
183.91091954022988
184.44092219020172
139.8549295774648
193.27298444130128
141.7991266375546
133.5049928673324
130.76436781609195
163.4950495049505
115.86868686868686
135.50279329608938
109.92682926829268
166.66995768688292
169.22475106685633
135.12921348314606
154.55555555555554
159.22708039492244
175.37960339943342
127.33980582524272
150.72867132867134
187.27972027972027
152.33100558659217
132.6566091954023
158.46685878962535
183.09801136363637
161.3380681818182
169.1894586894587
133.82168330955778
129.6661807580175
154.06311360448808
116.85714285714286
146.7136752136752
177.0888252148997
145.15841584158414
117.4164265129683
114.39355742296918
148.7938596491228
120.22109826589596
205.4196675900277
144.94293865905848
115.9507959479016
184.14025245441795
202.52056737588651
164.2744252873563
133.08959537572255
119.70717423133236
135.3631205673759
129.14788732394365
130.60344827586206
145.71428571428572
117.30014224751066
196.16860465116278
155.05187319884726
146.68039772727272
112.17663817663818
128.1631504922644
135.31372549019608
152.53868194842406
113.49185185185185
127.86330935251799
151.41893830703012
127.15472779369628
146.5411931818182
171.27207977207976
151.6490727532097
121.75317348377997
119.46219686162625
160.09012875536482
147.98563218390805
133.82602545968882
120.11047345767575
145.8405172413793
121.82394366197182
163.20803443328552
150.4306358381503
157.17441860465115
134.3230769230769
122.66666666666667
167.37359550561797
112.72073342736249
113.54011461318052
150.85243553008596
176.02020202020202
170.56633380884452
144.55971223021584
122.15104895104895
172.9035460992908
111.82627118644068
133.3410071942446
146.40825035561878
151.11559888579387
117.75504322766571
126.07659574468084
151.86627906976744
120.44978783592644
138.61318051575932
117.07380607814761
128.20545977011494
117.00283687943262
123.40869565217392
126.39652677279305
120.47126436781609
118.27478753541077
116.6599713055954
190.24045261669025
108.14516129032258
124.0343347639485
133.7988422575977
144.59604519774012
155.05841446453408
124.88235294117646
123.82583454281567
119.48326055312955
105.5878084179971
142.0964539007092
109.95042492917847
163.1700581395349
123.7375
159.75852272727272
116.97829232995659
113.20815752461323
129.17226277372262
150.26666666666668
116.00578034682081
133.52192362093353
114.86197183098592
133.8953323903819
136.82344632768363
146.36363636363637
126.82670454545455
106.35754985754986
141.6122159090909
127.77715091678421
100.89813486370157
117.0099715099715
114.71246458923513
115.22428571428571
120.74052478134111
103.19308357348703
125.52496433666191
118.80313837375178
132.34850640113797
135.6904761904762
126.91193181818181
147.49928057553956
116.68917018284107
138.39193083573488
109.6863309352518
116.72859216255442
132.1863442389758
132.0
107.66955266955267
104.63936781609195
117.88294797687861
115.0
111.609375
116.68436154949785
117.46317280453258
109.30491329479769
118.4062059238364
109.86396526772793
118.20256776034236
110.14730878186968
115.88243831640058
121.12696148359487
136.3687230989957
120.35640648011783
114.93152639087019
122.25318246110325
104.40520984081041
125.62603878116343
111.32424677187949
131.33238231098431
101.78540772532189
123.02302158273382
121.77920227920228
116.99438990182328
106.55730659025788
114.47819767441861
121.41690544412607
121.03639010189228
108.9929178470255
107.79718309859155
130.79131652661064
111.31294452347083
112.01154401154402
114.9727793696275
142.0
114.78969957081546
128.6066763425254
113.37195994277539
106.6
125.24818577648766
138.17118402282455
98.59439528023599
99.84285714285714
101.52023121387283
99.70317002881845
97.37841726618706
99.44927536231884
122.71910112359551
105.44318181818181
94.812324929972
92.60199714693296
99.20779220779221
95.06782106782107
102.25142857142858
108.61898016997168
98.07625899280576
99.19373219373219
100.59513590844062
97.52253521126761
108.71757925072046
90.39830508474576
96.08104196816208
114.49372384937239
105.64556962025317
98.98278335724534
100.57428571428571
98.10724637681159
112.58557284299859
93.47977684797769
89.79685264663806
87.51136363636364
101.5330459770115
96.726507713885
102.35795454545455
100.51300578034682
108.04913294797687
97.55920114122682
103.50429799426934
112.84283727399165
94.0014450867052
87.691091954023
101.61357340720221
96.97887323943662
98.87132867132867
100.4492957746479
97.15971223021583
98.5345557122708
111.06367583212734
108.68607954545455
103.08022922636103
97.68970380818054
100.96503496503496
97.0749279538905
99.17045454545455
93.64428571428572
93.64073550212164
95.42836468885673
112.098730606488
97.158357771261
93.23941605839416
97.49358059914408
95.28208744710861
118.15094339622641
115.9543509272468
114.00430416068866
99.10932944606414
102.93613933236574
100.34598540145986
109.37976539589442
104.69956458635704
98.69609261939219
96.96350364963503
97.02586206896552
101.68450704225351
98.17335243553009
106.25358166189112
101.05382436260624
96.067335243553
103.46991404011462
115.13623188405798
90.38818565400844
95.34419263456091
99.98428571428572
94.87896253602305
97.22978723404255
99.31039325842697
99.84536082474227
105.75498575498575
99.21954674220963
93.88085106382978
99.17587209302326
106.34361851332399
101.8273381294964
108.48
100.48137535816619
103.77323943661972
95.00573065902579
91.26390870185449
97.2914862914863
96.96875
96.38040345821325
98.1061046511628
99.90142857142857
95.13426573426574
94.31232091690545
100.45953757225433
94.36206896551724
97.89101620029454
90.76933895921238
115.54636233951499
102.79106628242074
93.99709302325581
94.36766809728184
99.25035561877667
98.65255474452555
103.1461318051576
96.63753581661891
109.85289957567186
98.10857142857142
96.95292439372325
96.73286713286713
106.61802575107296
92.55763688760807
98.2784090909091
96.03081232492997
98.69971671388102
104.6278409090909
95.17536231884058
99.47720797720798
96.78977272727273
97.8688293370945
103.45170454545455
104.84950773558369
97.6690340909091
104.88616714697406
95.65254237288136
96.15202231520223
96.73352033660589
101.28469241773963
96.78210678210678
105.23348017621146
98.24098124098124
96.59913169319826
98.46534653465346
101.86016949152543
113.05643994211287
100.08739255014326
95.05932203389831
104.74748923959828
119.34277620396601
99.60371959942775
111.1583452211127
103.18601398601399
125.03960396039604
95.26923076923077
102.1432584269663
105.3933236574746
112.10998552821997
132.34458509142053
109.49928263988522
103.15417256011315
99.26961483594864
103.29064748201439
100.66810344827586
106.63793103448276
97.1536231884058
95.22655122655122
104.80992907801418
96.91260744985674
94.88388969521046
98.00998573466477
101.06741573033707
120.76780626780626
100.3836389280677
104.31267605633803
113.23121387283237
101.0
97.85121602288984
108.36865021770681
91.10699001426534
93.92961876832844
93.33430232558139
103.34825174825176
97.11587982832619
104.9928774928775
98.06214689265536
109.53900709219859
92.21720116618076
98.05963938973647
105.16548797736917
94.13655761024182
98.015625
105.075
104.2371705963939
103.84497206703911
101.7178002894356
99.5688202247191
100.73699421965318
97.40167364016736
99.5500725689405
110.74025974025975
98.20669577874818
98.45571428571428
99.49710144927536
103.07714701601165
110.59148936170213
97.54852320675106
103.22720694645442
100.29046242774567
100.79803646563815
104.16525423728814
103.5099715099715
107.86099290780142
100.42940320232897
99.34850640113798
99.61408450704225
99.27715877437326
96.25141242937853
98.00141043723555
104.37837837837837
97.13661971830986
103.70672389127324
100.14985994397759
100.90267983074753
96.58369098712447
103.32667617689016
105.19464033850494
95.4648493543759
97.0084388185654
103.49573863636364
98.88294797687861
108.68571428571428
105.62535211267605
98.97571428571429
98.48226950354609
102.13478260869566
102.38054363376251
100.04714285714286
100.11705202312139
95.03448275862068
88.72067039106145
100.94857142857143
94.56628242074927
97.74894217207334
96.48976608187135
112.4367816091954
101.42714285714285
97.24861111111112
93.73060648801129
100.53276353276354
97.18544935805991
