496.82117310443493
323.7991452991453
318.0312944523471
298.65625
298.1937765205092
276.91335227272725
276.94900849858357
277.28470254957506
297.7917847025496
297.53617021276597
246.59942775393418
246.42735042735043
245.03840682788052
250.4190340909091
260.43564356435644
258.71732954545456
261.7252124645892
283.71813031161474
275.2082152974504
287.00567375886527
238.7310443490701
240.84900284900286
241.5234708392603
238.55539772727272
256.011315417256
258.5823863636364
255.37393767705382
269.95184135977337
276.25495750708217
282.26241134751774
225.6766809728183
232.67094017094018
232.20199146514935
238.5411931818182
250.77510608203679
248.29545454545453
255.3583569405099
269.95184135977337
280.1416430594901
281.3205673758865
229.95565092989986
241.22934472934472
259.3371266002845
260.09232954545456
261.1188118811881
258.50710227272725
261.1614730878187
249.69830028328613
255.41359773371104
247.1404255319149
238.3361945636624
238.16666666666666
197.95305832147938
221.44886363636363
225.2814710042433
228.70454545454547
232.6359773371105
234.3654390934844
242.37252124645892
231.76879432624114
234.0214592274678
230.1908831908832
199.70128022759602
200.67329545454547
222.33521923620933
221.9943181818182
225.63031161473089
231.60056657223797
242.37252124645892
232.3631205673759
219.2203147353362
215.86324786324786
197.26031294452346
174.30397727272728
194.23338048090523
199.9161931818182
208.79603399433427
206.71388101983004
204.842776203966
212.63262411347517
191.8612303290415
183.980056980057
189.47226173541964
182.7940340909091
208.34794908062236
169.4161931818182
182.97450424929178
172.87535410764872
198.95750708215297
194.6921985815603
142.40486409155938
135.991452991453
138.88762446657182
141.5838068181818
143.62093352192363
177.4318181818182
163.42634560906515
178.52974504249292
186.96742209631728
182.5531914893617
153.0343347639485
139.68803418803418
140.8122332859175
152.2215909090909
157.63649222065064
158.4630681818182
179.96600566572238
178.06940509915015
181.76912181303115
192.6482269503546
143.06437768240343
137.03561253561253
143.65718349928875
144.99573863636363
150.46393210749648
169.796875
178.8668555240793
172.53399433427762
176.90651558073654
187.00992907801418
135.8211731044349
139.15527065527064
122.12091038406828
127.96022727272727
131.17397454031118
127.40767045454545
122.28611898016997
131.46742209631728
137.89518413597733
128.81843971631207
117.86123032904149
118.6025641025641
119.17354196301565
127.8252840909091
120.93917963224894
118.56960227272727
122.35127478753542
123.24787535410765
126.90226628895184
125.50780141843971
120.81545064377683
122.14814814814815
128.39971550497867
126.4872159090909
117.16690240452617
119.43039772727273
123.58215297450425
129.72946175637395
137.0169971671388
132.78297872340426
114.9656652360515
113.64814814814815
115.93883357041251
125.47017045454545
120.47807637906648
136.0440340909091
126.80169971671388
138.58781869688386
143.81869688385268
134.37304964539007
109.45779685264664
110.51851851851852
108.98150782361309
122.06392045454545
109.87270155586987
99.96448863636364
106.9915014164306
112.8229461756374
105.57507082152975
118.07375886524822
101.69527896995709
99.6096866096866
100.04409672830725
99.67897727272727
103.62800565770863
104.74147727272727
108.10339943342777
103.27478753541077
104.78328611898017
99.38581560283689
97.12160228898426
107.04843304843305
101.21621621621621
98.39488636363636
97.08910891089108
93.24431818181819
107.24504249291785
99.36827195467423
92.16005665722379
96.7645390070922
98.99141630901288
102.5
106.39971550497866
95.49431818181819
102.92927864214992
100.7528409090909
104.0056657223796
99.3342776203966
101.6657223796034
92.18156028368794
97.03862660944206
100.5014245014245
94.93314366998578
98.01988636363636
100.63083451202263
100.69318181818181
94.53399433427762
94.62889518413597
94.15297450424929
92.80709219858156
100.04005722460658
94.87179487179488
98.89189189189189
103.20880681818181
94.51202263083451
98.27414772727273
101.35552407932012
93.92917847025495
103.86827195467423
92.97304964539008
98.26323319027182
99.11111111111111
98.32859174964437
102.55113636363636
102.13578500707213
106.34517045454545
97.45325779036827
96.87535410764872
104.39518413597733
100.17872340425532
101.54649499284693
102.13532763532764
100.4167852062589
94.74573863636364
98.06082036775106
92.4815340909091
91.68838526912181
102.73512747875354
97.40226628895184
94.23404255319149
100.63519313304721
102.20797720797721
98.66714082503556
91.42329545454545
97.45120226308345
101.27556818181819
89.90226628895184
96.93059490084985
95.98725212464589
93.80283687943262
88.59513590844062
89.75356125356126
90.36130867709815
85.30823863636364
86.46958981612447
84.23011363636364
83.02266288951841
83.1813031161473
83.15297450424929
80.06382978723404
87.09728183118742
88.81054131054131
86.43385490753911
86.3778409090909
83.06930693069307
83.96732954545455
85.56798866855524
83.48725212464589
82.90793201133144
80.21418439716312
86.54363376251789
91.0042735042735
87.81365576102418
88.24289772727273
85.63649222065064
85.07244318181819
84.09348441926346
84.61189801699717
85.41784702549575
82.1758865248227
87.62804005722461
87.62678062678063
86.55192034139402
85.8934659090909
85.64922206506365
81.8465909090909
83.30311614730878
86.20963172804532
84.15580736543909
81.42553191489361
88.63519313304721
87.4031339031339
86.70697012802276
83.109375
87.34512022630834
83.1846590909091
85.21954674220963
86.47733711048159
81.57365439093485
81.64255319148936
84.78969957081546
89.2905982905983
85.7425320056899
84.54261363636364
84.7128712871287
81.6747159090909
80.80311614730878
86.64164305949008
81.3201133144476
84.09219858156028
85.1859799713877
86.12678062678063
87.87339971550497
88.33664772727273
86.87411598302687
83.2627840909091
83.5070821529745
82.72804532577904
80.72096317280453
81.26808510638298
85.91845493562232
85.96011396011396
84.79374110953059
84.95880681818181
82.74964639321075
85.42897727272727
83.51841359773371
84.74220963172804
80.98866855524079
82.88794326241134
86.8211731044349
85.51851851851852
84.19345661450924
87.67613636363636
86.4087694483734
82.9247159090909
82.97875354107649
82.34135977337111
79.48725212464589
79.54326241134751
85.32618025751073
84.78632478632478
86.26884779516358
83.95170454545455
82.47666195190948
84.546875
82.35977337110482
83.63031161473087
79.91643059490085
78.96028368794326
84.5922746781116
85.71652421652422
91.65433854907539
87.10085227272727
84.91230551626592
80.36931818181819
81.95750708215297
85.21813031161473
82.92209631728045
79.73758865248227
85.05007153075823
85.86039886039886
87.95305832147938
87.26136363636364
81.88967468175389
85.25994318181819
83.38810198300283
84.36260623229462
79.91076487252124
81.21702127659574
85.65951359084406
87.88603988603988
83.64580369843527
86.796875
85.75388967468176
83.29829545454545
84.21388101983003
84.05240793201133
78.84419263456091
80.42695035460993
90.24606580829757
85.53988603988604
87.64011379800853
86.7940340909091
84.08345120226308
82.00852272727273
82.75070821529745
83.60056657223797
81.78186968838527
80.54042553191489
91.61230329041487
88.98433048433048
84.13086770981508
83.8465909090909
84.78359264497878
81.06676136363636
83.6643059490085
82.36685552407933
78.97025495750708
83.3177304964539
86.98998569384835
85.82051282051282
85.4566145092461
87.24289772727273
83.3083451202263
84.3096590909091
84.10056657223797
84.27620396600567
80.06232294617564
79.55886524822695
87.90701001430615
83.9074074074074
86.15931721194879
84.90767045454545
83.08628005657708
82.66193181818181
83.47733711048159
82.23229461756374
78.78045325779037
80.58014184397163
89.41773962804005
86.502849002849
87.29445234708393
85.16619318181819
83.35219236209335
82.43607954545455
80.87818696883852
83.91076487252124
80.35410764872522
80.80141843971631
86.2489270386266
87.06980056980056
86.11806543385491
86.6590909090909
81.4059405940594
84.32386363636364
84.31019830028329
82.43201133144476
80.57790368271955
79.56028368794327
87.19742489270386
86.3048433048433
83.05832147937411
86.14204545454545
84.03253182461103
80.34943181818181
83.11189801699717
79.4915014164306
83.0042492917847
83.33333333333333
84.92274678111588
84.27350427350427
86.50640113798009
85.29261363636364
82.2065063649222
83.81107954545455
82.93626062322946
82.38810198300283
79.64022662889518
80.44964539007093
85.50071530758225
84.46296296296296
84.35135135135135
84.97301136363636
81.53606789250354
84.3153409090909
84.48866855524079
82.73229461756374
79.64022662889518
82.7531914893617
89.42632331902718
85.15669515669515
87.15931721194879
82.67613636363636
81.98585572842998
83.85369318181819
81.37818696883852
79.53682719546742
78.74929178470255
78.3645390070922
86.74678111587983
86.82905982905983
86.2290184921764
84.96022727272727
81.79207920792079
80.82102272727273
82.8342776203966
82.33711048158641
78.01841359773371
81.92765957446808
86.30042918454936
84.94017094017094
89.31009957325747
82.9403409090909
83.07496463932108
81.5752840909091
82.37252124645893
82.8158640226629
78.58356940509915
79.84822695035461
