311.5347018572825
283.57699619771864
333.51434034416826
342.988603988604
292.92877767083735
258.66509877704607
338.93177570093457
300.0475737392959
241.29597701149424
326.88761904761907
311.5286686103013
278.68869731800766
240.71809523809523
288.93838862559244
256.68834951456313
295.6150907354346
263.75652173913045
302.56349952963313
267.89553656220323
256.705938697318
329.8560606060606
256.0721747388414
216.59732824427482
285.88666666666666
299.7613089509143
207.33816425120773
281.51858913250715
195.00376293508938
260.5071907957814
263.42528735632186
255.65098777046097
253.4013282732448
248.24568138195778
175.78819119025306
298.5141509433962
213.40289855072464
247.87776708373437
247.32790028763182
180.3853564547206
221.80663507109006
213.08599033816427
206.85432330827066
238.80224929709465
165.23970037453182
234.43474178403756
311.09065420560745
240.68796992481202
226.78598484848484
241.0
200.8148148148148
194.95319961795607
239.7984718242598
274.7337164750958
235.67705382436262
154.8896289248335
193.11904761904762
145.11484593837534
184.96003805899144
158.5340364333653
254.12440645773978
254.0897920604915
191.83063748810656
205.69723018147087
209.2125
178.45152091254752
162.89468599033816
173.46542056074767
192.96558317399618
206.22865275142314
232.41148325358853
149.63400576368875
245.10785241248817
236.59043062200956
226.47826086956522
167.28205128205127
179.92171481826654
215.09710550887021
203.61111111111111
152.94015444015443
184.1308056872038
141.94791666666666
200.42953667953668
177.67897727272728
228.39425837320573
156.20417853751186
191.01151631477927
164.35768500948765
153.25996204933585
228.5837366892546
190.75116063138347
167.18338108882523
169.7237728585178
175.2536023054755
138.30931796349662
140.6304761904762
206.59586466165413
155.31957773512477
137.1888045540797
163.40451552210723
182.58643744030564
127.69475655430712
141.7666980244591
125.07773512476008
121.64145658263305
124.54770992366412
192.22454804947668
132.18931583880038
161.9053926206244
141.45361781076068
145.5313092979127
146.99811142587347
127.02383222116302
175.78638941398864
109.58049242424242
138.57543520309477
187.1322001888574
129.8851992409867
108.30314585319351
118.20324427480917
134.66860465116278
114.21077959576516
185.0203685741998
130.2554194156456
150.10047393364928
169.53926206244088
136.41795366795367
133.2818096135721
126.0635838150289
125.55840455840456
117.43916349809886
127.77725118483413
121.18441064638783
135.66794258373207
134.53992395437263
108.10731244064577
124.39923954372624
147.58490566037736
152.64615384615385
123.21037998146431
202.79342723004694
123.52556818181819
126.00189393939394
170.11523809523808
135.22211720226844
174.43707973102786
134.57688723205965
148.24387947269304
121.98560460652591
119.66057692307692
136.63870352716873
115.31113225499524
119.01234567901234
118.97792706333973
109.77597712106768
176.14956855225313
186.81749764816556
186.55984555984557
118.51377018043685
127.96774193548387
146.27543186180424
137.23358348968105
127.54536679536679
141.3688679245283
106.32697807435653
140.92511848341232
120.18720602069614
121.23214285714286
131.39052132701423
181.01789077212806
140.33776091081594
126.1847619047619
141.26107445805843
139.35969141755064
134.57692307692307
125.8203422053232
105.58293838862559
125.67799811142588
120.26090993500465
122.53483992467044
113.29238095238095
113.90742526518804
141.2568460812087
123.71277617675312
179.09856459330143
116.90997095837366
129.38835877862596
130.14190476190475
131.49574266792808
118.38403041825094
127.88011417697432
170.33459000942506
162.66666666666666
144.86053130929793
126.600583090379
114.19190968955786
114.82116104868913
118.70106075216972
123.76042677012609
124.7287488061127
124.37344794651385
