266.5157142857143
257.2435897435897
179.85982658959537
349.7443181818182
270.77142857142854
228.851904090268
229.078125
158.45750708215297
255.3721264367816
171.9212376933896
185.512893982808
208.7642163661581
250.39914163090128
197.51906158357772
178.37940761636108
131.43338213762812
203.1002824858757
191.61408450704226
176.2338593974175
192.76911764705883
178.53417015341702
194.42346208869813
165.85348506401138
209.90128755364807
173.1613832853026
248.89158345221114
172.75774647887323
137.40112201963535
199.71897289586306
215.38825214899714
162.53824362606233
240.77350427350427
198.78932584269663
131.66477272727272
213.83502170767005
152.28958630527816
194.57777777777778
220.075
185.45750708215297
208.9024045261669
188.6965034965035
125.88401697312588
149.03868194842406
132.00140845070422
120.08199121522694
232.1703056768559
125.42428571428572
118.64964539007092
188.30277777777778
195.42463768115942
140.66618911174785
144.03085553997195
170.57764876632802
146.27941176470588
133.40967283072547
157.0557142857143
144.62589928057554
153.91014492753624
115.54584527220631
159.80142857142857
117.25601131541725
125.85152838427948
161.16402877697843
199.75354107648724
132.51589595375722
145.29575402635433
137.03873744619798
184.80523255813952
177.4926686217009
188.3815789473684
115.52442528735632
109.97093023255815
125.6893063583815
135.87790697674419
108.96046852122987
230.6468885672938
101.54703328509407
144.28469241773962
140.50142857142856
111.49271137026238
115.37300435413643
128.01830985915493
129.77492877492878
120.34236804564907
142.14347826086956
130.83649635036497
120.35021097046413
171.57803468208093
122.6700143472023
128.77304964539007
114.06043165467626
125.9090909090909
105.10659186535764
115.3134110787172
156.8300283286119
133.37719298245614
120.18567251461988
157.82328190743337
98.41490857946555
107.84691011235955
112.50142045454545
109.44619799139168
171.3582510578279
159.6137026239067
136.69971671388103
181.8981077147016
129.5433854907539
148.88841807909606
193.16690647482014
138.58771929824562
112.06437768240343
200.368345323741
109.46952908587258
122.47293447293447
109.73937677053824
116.25279329608938
117.00717360114777
108.2977207977208
107.1046511627907
140.6139601139601
111.87124463519314
160.27635327635326
121.41690544412607
124.96045197740114
98.7008547008547
106.67685589519651
121.99710564399422
92.69
92.45050215208035
143.25428571428571
111.41907514450867
115.84525547445256
116.82453637660485
109.13210227272727
106.66
115.96760563380282
138.88791848617177
115.31232091690545
107.43909348441926
180.68458274398867
130.5450643776824
112.01823281907433
123.21954674220963
101.65948275862068
111.55823863636364
117.74184397163121
167.74683544303798
137.77053824362605
140.16831683168317
103.35007173601147
107.50355618776672
107.86524822695036
139.55459770114942
109.03338171262699
115.68091168091168
109.1607898448519
108.32331902718168
102.76062322946176
103.38156028368795
111.85693641618496
200.88412017167383
118.50141242937853
100.22254758418741
105.02695035460992
141.86743515850145
109.32178932178932
112.15948275862068
105.78134110787173
102.27988748241913
102.23823109843082
178.30142857142857
128.65079365079364
96.62697274031564
184.44950213371266
102.6140350877193
232.94066570188133
102.86271676300578
106.52549575070822
91.13662790697674
103.42857142857143
103.68885672937772
100.13828238719069
98.78925035360679
109.30691642651297
99.75107913669065
104.81502890173411
112.26712328767124
101.05587392550143
105.31392045454545
171.13093525179855
160.65797101449274
131.54649499284693
106.17655367231639
120.04809052333805
118.39055793991416
124.81988472622479
105.23597122302158
106.16056338028169
94.23680456490727
101.96546762589928
98.69111424541607
107.48377997179125
118.79015918958032
113.46799431009957
135.2956152758133
98.31142857142858
103.96296296296296
129.9815340909091
92.71766342141864
94.30633284241532
99.02026049204052
100.65492957746478
100.92460881934566
102.10841654778888
110.52074391988555
124.2830459770115
103.7231638418079
100.82957746478873
112.55339805825243
108.08092485549133
110.28785811732605
105.64992826398853
125.11565585331452
112.05665722379604
110.47844827586206
97.06618705035972
105.1921458625526
96.35827338129496
91.51942446043165
110.53644314868805
107.33238231098431
96.5695652173913
100.63285714285715
101.8936170212766
103.03021582733813
107.24108416547789
96.56421356421356
98.79310344827586
107.80281690140845
94.61461318051576
97.23131170662906
120.78316690442226
107.4705035971223
95.94134477825465
96.61087267525036
101.5466472303207
116.04539007092198
91.95982142857143
100.71368124118477
126.80362116991644
88.71613832853026
92.70042796005706
89.04644412191583
92.73533619456366
91.78
91.6896551724138
82.2627840909091
82.74179743223966
79.73006993006993
80.33142037302726
92.48216833095577
94.00143266475645
99.73478260869565
93.43705799151344
101.7725321888412
87.20028011204482
85.79113018597997
83.86471408647141
80.29710144927536
82.77180232558139
87.3994452149792
106.15983026874116
85.32102272727273
90.96239554317549
86.3953823953824
85.74244604316547
87.85967503692763
82.08104196816208
81.6075036075036
82.848787446505
91.18349928876245
91.37005649717514
101.8880918220947
86.45689655172414
81.35243553008596
88.14139941690962
85.82778581765557
82.21044992743106
79.92784992784993
81.92154065620542
89.03111739745403
82.38857142857142
85.70972423802613
88.63083451202263
83.08225108225108
88.30606488011283
83.59432624113475
84.34497206703911
80.60404624277457
80.70545977011494
91.46875
86.70305676855895
90.14205344585092
92.84943181818181
87.20169252468266
104.15504978662874
85.2039942938659
81.90557939914163
81.56981664315938
81.95827338129496
93.33093525179856
88.21367521367522
90.16242937853107
88.157060518732
85.29597701149426
85.70157819225251
88.82378223495702
83.84470246734398
84.88494318181819
83.78242074927954
90.61561119293079
95.4376811594203
84.93521126760564
87.49418604651163
103.11347517730496
86.08462623413259
85.64681440443213
85.5830985915493
86.4080459770115
85.47033285094066
86.9118065433855
90.67198838896952
88.93607954545455
89.42368045649073
101.91535150645625
90.54571428571428
85.02
87.33
87.9514705882353
81.38968481375358
92.71727019498607
84.60260115606937
93.1866295264624
92.62391930835734
96.37446197991392
89.76342525399129
83.2467343976778
83.00281690140845
82.6401179941003
82.90988372093024
93.04084507042253
87.04178674351586
100.44364161849711
87.05797101449275
88.0042735042735
82.96209912536443
99.15751445086705
87.23342939481267
89.98132183908046
81.24163027656478
88.38951841359773
94.74645892351275
88.51878612716763
87.91027496382056
96.1516452074392
86.52875175315567
88.63793103448276
85.22222222222223
85.3921568627451
82.56786703601108
90.18687589158345
90.22708039492242
94.94625176803395
89.57841726618705
85.96207865168539
84.37186629526462
83.5774647887324
87.4074074074074
79.72557471264368
80.40928270042194
87.67341040462428
87.24132947976878
96.89142857142858
88.46781115879828
93.15028901734104
85.98714285714286
83.12973760932945
84.14772727272727
85.29777777777778
83.22937062937064
90.4040404040404
87.81895332390381
85.67862266857962
88.60575539568346
119.0679190751445
92.3252840909091
81.22351233671988
84.42247510668564
91.93029871977241
81.39372325249643
87.42014388489208
87.86760563380281
87.26628075253257
87.8620199146515
88.99293785310735
87.76793248945148
86.23216783216783
82.03012912482066
89.76487663280116
79.66856330014225
88.42956764295677
88.99271137026238
88.022695035461
101.79802259887006
88.32814710042433
88.27714285714286
89.22922636103152
79.9840579710145
81.28138528138528
83.30196629213484
90.96918767507003
99.49492017416546
89.79685264663806
89.23209169054441
88.87373004354136
87.1030042918455
88.09206798866856
86.61183261183261
85.42998585572843
78.95924308588064
87.40615835777126
88.92127071823204
93.96428571428571
88.78186968838527
83.85754583921016
84.27659574468085
81.568281938326
87.62836879432624
82.44255319148937
80.68740955137481
88.63098591549296
91.47083926031294
93.64406779661017
101.77355836849507
81.94827586206897
86.3032904148784
86.68563300142247
88.05354558610709
80.679029957204
79.85072463768115
87.97
89.0595744680851
89.37834036568213
84.9
84.29829545454545
92.25
85.81054131054131
85.57858136300418
85.13828238719069
79.38352272727273
91.49130434782609
90.75072463768116
90.16642754662841
97.71037463976946
101.4777618364419
84.37068965517241
99.60627674750357
79.59058487874465
83.22492836676217
78.82231404958678
90.589001447178
91.86260623229462
85.45521292217327
88.63675832127352
87.80341880341881
89.97536231884058
87.86357039187227
85.94358251057828
85.61870503597122
81.50706214689265
88.45454545454545
87.8113475177305
87.18714285714286
84.1808972503618
88.78500707213578
85.0272206303725
84.0781476121563
82.85593220338983
84.38659058487875
81.73191489361702
89.84081041968162
89.15988372093024
94.5412445730825
88.04526166902404
88.4287812041116
89.27456647398844
82.16305916305916
93.28028169014084
80.62840746054519
76.91260744985674
