392.36831875607385
330.1626168224299
328.1126082771896
283.5019011406844
292.5607385811467
324.52367424242425
302.27573182247403
290.8188679245283
307.73269230769233
325.6301886792453
281.73475314617616
289.2633552014995
348.7734962406015
339.1009433962264
347.04143126177024
361.81081081081084
294.22665369649803
289.4596153846154
316.91682419659736
304.86024551463646
336.54020813623464
355.5100095328885
337.88007736943905
296.97134670487105
295.32288698955364
320.9942528735632
247.85795454545453
365.42993326978075
299.3374060150376
289.5830152671756
363.7635843660629
361.86660447761193
339.63236669784845
280.67119301648887
307.95806150978564
311.7649903288201
296.5607476635514
353.09859154929575
297.4640522875817
335.57430488974114
303.4038817005545
291.2760910815939
306.68839884947266
349.76701821668263
330.2069288389513
329.91379310344826
293.1462488129155
306.7903846153846
286.2353488372093
319.7924170616114
313.1561904761905
293.5666347075743
318.69123134328356
319.217680608365
306.28018867924527
276.04784688995215
290.22087604846223
286.8219306466729
327.20152817574024
261.16283524904213
276.8
314.624053030303
300.28178368121445
296.13988657844993
362.11936090225566
295.1470869149952
293.77101449275364
277.5043227665706
315.49273959341724
274.71293673276676
323.7195357833656
297.1302281368821
301.32316491897046
279.1963775023832
308.6347992351816
245.9867674858223
325.7971153846154
284.5056710775047
326.62857142857143
291.6456310679612
318.1608654750706
281.9845708775313
245.15225563909775
267.5062801932367
226.66013071895424
262.2278360343184
314.04567078972406
265.13619047619045
329.0886558627264
298.9868421052632
312.23961352657005
337.062969924812
346.0106177606178
304.7516401124648
298.80153403643334
279.4216524216524
271.7914285714286
296.99709020368573
335.45595353339786
314.1749049429658
312.8606237816764
336.34819734345353
245.25189393939394
351.7324074074074
299.24906015037595
263.90858725761774
252.51364522417154
278.9740134744947
273.1829383886256
287.8140655105973
264.75308641975306
307.21747388414053
272.82748815165877
240.46168582375478
259.5880654475457
308.78468899521533
259.7265846736045
257.7202664129401
287.4296435272045
254.17045454545453
274.56130268199234
300.0095785440613
314.847182425979
258.79323308270676
279.76026119402985
245.6650853889943
295.83349467570184
265.9468186134853
251.09450337512055
269.12112676056336
262.5
248.17853751187084
229.3183125599233
317.5147198480532
261.46021093000957
210.49568552253115
281.17502365184487
296.60687022900765
262.8235294117647
212.52847805788983
230.58591549295775
254.8698113207547
276.06202290076334
297.2913907284768
239.5042654028436
313.60955056179773
280.71188026192704
223.7223823246878
295.5057251908397
243.92263610315186
285.4270833333333
313.79564806054873
263.2879078694818
251.91761363636363
255.9893514036786
284.9525166191833
249.50235183443087
231.23025048169558
261.02283539486206
212.14739884393063
275.6615824594852
252.60721062618595
246.7280701754386
221.533522190746
274.7919847328244
310.015444015444
315.03092783505156
270.6953642384106
251.27426955702168
250.27460168697283
235.7579737335835
281.91817316841104
248.35885167464116
299.20268972142173
260.5211538461538
244.40019102196752
259.5224022878932
321.08878504672896
240.97433460076044
263.7204910292729
264.1526717557252
257.3630268199234
234.56147144240077
245.3689687795648
265.4237288135593
272.84578997161776
290.3611632270169
230.67149758454107
246.3935052531041
244.08530805687204
274.78240302743615
238.77376425855513
247.85919540229884
259.1641366223909
245.0811320754717
230.61031518624642
272.73854961832063
212.13596914175506
214.72936660268715
249.6177606177606
246.86837121212122
204.78916827852998
195.79807692307693
250.28557692307692
228.78509196515006
235.54841802492808
242.87535410764872
218.3777148253069
226.58637236084454
263.85687558465855
245.47307692307692
219.14053537284894
244.79903381642512
240.40726577437857
243.1697381183317
258.14903846153845
235.06546489563567
268.97162426614483
233.11904761904762
266.8036398467433
280.3529411764706
242.94328922495274
245.36140018921475
246.8477640342531
223.5903500473037
233.49136276391556
235.79462571976967
254.3181818181818
209.0038240917782
270.18363463368223
260.9877358490566
253.26436781609195
237.62631077216398
239.27900287631832
211.54493307839388
271.5941343424787
226.3050193050193
245.12973484848484
242.00189933523268
232.19248826291079
244.38614800759012
284.83031458531934
216.26436781609195
228.91570881226053
233.61800947867297
253.4509056244042
235.47120921305182
222.93560606060606
215.28626692456479
272.4406130268199
233.27735124760076
267.35769230769233
269.7565543071161
274.96685606060606
226.3330206378987
268.2034548944338
256.2880228136882
239.64962121212122
217.12129894937917
267.16874400767017
222.3374760994264
240.46206225680933
216.0139534883721
204.96438883541867
243.45717035611165
201.16843118383062
223.78116079923882
213.7596153846154
192.2671829622459
217.58930276981852
220.1568075117371
254.67267552182165
224.3500482160077
264.7759771210677
229.6420233463035
260.87488151658766
249.03943661971832
249.9573055028463
263.23355576739755
186.35148042024832
228.9792256846081
223.77954971857412
223.853889943074
207.1150527325024
229.9084041548631
249.28709055876686
201.2568981921979
270.32982791587
210.58559401309634
240.5455426356589
237.47582938388626
235.44913627639156
248.6194523135033
180.9131679389313
245.37121212121212
248.81975071907956
204.9471153846154
186.9970703125
213.2135367016206
201.86285714285714
239.70397779833488
229.14422158548234
211.45961538461538
245.5653846153846
209.59467174119885
226.78386167146974
238.19694072657742
184.1818181818182
216.65300285986655
228.74835680751173
217.90693257359925
232.40974212034385
244.15110683349374
210.02383222116302
195.24880838894185
254.25333333333333
270.5608365019011
229.77023255813953
197.63917525773195
222.66189111747852
252.05465004793865
233.86132075471698
180.2412155745489
237.26761904761904
221.82469368520265
187.01841085271317
235.2888888888889
164.8078725398313
216.6020992366412
180.83139534883722
199.01351351351352
252.25165562913907
264.3598848368522
248.13122605363984
197.05743879472692
224.2569511025887
209.18062088428974
213.2596425211665
274.23269230769233
230.2911877394636
261.9505703422053
170.14285714285714
233.98667935299716
277.09510086455333
251.08863198458573
202.84190476190477
263.90029615004937
282.2605363984674
265.13232514177696
229.79610750695088
228.79749276759884
238.86615678776292
154.54658981748318
199.89433237271854
209.49326923076924
185.6248821866164
272.3066037735849
171.02027027027026
206.96519285042334
247.65902578796562
183.18479307025987
173.9248120300752
226.18383060635227
213.02808988764045
232.47403846153847
210.53824362606233
226.02525724976613
274.2374768089054
266.4709864603482
183.51912045889102
205.0066037735849
189.19809523809525
212.06116774791474
220.53219696969697
266.0
263.175
212.1155682903534
210.5732057416268
251.6350710900474
183.82926829268294
196.54961089494162
200.55201499531395
221.96356663470758
222.78638941398864
231.08590733590734
189.49429657794676
240.57061611374408
188.85375118708453
218.7981308411215
211.94123222748814
206.3046800382044
240.81650485436893
237.30545112781954
194.82924528301888
255.4422158548233
203.70833333333334
236.3933962264151
208.98634146341465
211.89809523809524
166.63671128107075
208.11195445920305
229.43872778297475
138.03219696969697
196.74024738344434
222.6755980861244
174.2166030534351
137.05392620624409
197.06574074074075
133.6657196969697
228.8132183908046
169.4456106870229
169.83397683397683
163.13358778625954
176.80827067669173
178.44487056567593
174.8204393505253
142.7391304347826
136.53320500481232
156.8967136150235
189.7258064516129
159.44686907020872
163.85482330468002
150.1614135625597
155.7933014354067
184.5671497584541
159.35666347075744
194.4718992248062
219.58846153846153
181.1832858499525
224.9579045837231
174.91106906338695
169.37488015340364
155.1854990583804
164.94533459000942
160.83349467570184
157.14650283553874
168.4302103250478
184.2324478178368
167.7145631067961
171.40956937799044
184.92789373814043
150.47682119205297
137.5884030418251
178.99807692307692
167.35019083969465
178.76258309591643
227.30397727272728
170.63239573229873
143.41634615384615
165.40423484119344
178.39541547277938
147.5982905982906
157.00389105058366
150.80812854442345
177.3601134215501
185.63757115749524
153.6177606177606
146.02366863905326
158.7640232108317
140.9337686567164
161.76285714285714
163.71726755218216
141.1642788920726
161.16824196597352
164.1736641221374
171.37666034155598
149.28061716489876
178.75958840037418
171.7041306436119
172.52073288331727
158.77199621570483
152.80467289719627
135.6653956148713
149.33169774288518
153.88061127029607
237.69895536562203
167.08860759493672
174.65660377358492
168.46800382043935
150.81047619047618
175.1954459203036
140.05197305101058
175.15804327375352
181.66730219256434
146.98362235067438
162.35721107927412
158.20305052430888
146.3496637848223
173.74691943127962
145.33622350674375
141.2159090909091
163.96172248803828
184.10800744878958
146.19583727530747
221.90535372848947
222.9628217349857
171.17777777777778
192.92411143131605
139.69178743961353
147.10184287099904
