345.40909090909093
319.4024505183789
317.86406844106466
320.0217391304348
240.8560606060606
237.3470363288719
214.88552507095554
232.0323501427212
213.706106870229
224.56185080264402
190.0602069614299
265.33017975402083
221.3530516431925
256.6890756302521
250.64948453608247
249.12181303116148
193.66011235955057
185.488679245283
241.27289896128423
208.94576593720265
256.1246431969553
229.14367816091954
260.447646493756
241.09668246445497
233.2205466540999
182.12800769971125
201.94350282485877
240.71135029354207
268.20435193945127
221.50893697083725
189.41953488372093
193.39829706717123
171.88533834586465
196.69734345351043
189.8976833976834
176.76135265700484
186.16682554814108
180.6864244741874
177.2986641221374
160.72254335260115
225.8381937911571
204.40779467680608
206.45687203791468
206.57223796033995
215.48256361922714
170.86894586894587
200.611911623439
191.74634146341464
226.8001912045889
230.1601150527325
165.2057142857143
170.9430501930502
179.61977186311788
175.5719806763285
167.62825278810408
173.98274209012465
159.16539196940727
153.57564224548048
162.9778206364513
159.95551257253385
197.21152030217186
210.17904761904762
191.19694072657742
212.56403013182674
184.37652582159623
178.1729106628242
160.27871939736346
190.77521613832852
153.95419847328245
178.01512287334594
187.83620689655172
181.94106641721234
147.34240150093808
148.01452081316555
173.1862464183381
170.69611650485436
150.68713450292398
142.507068803016
144.4814814814815
163.2691570881226
231.79619047619047
182.36606291706386
186.33872502378688
192.5597302504817
145.10133843212236
189.0582617000955
183.92504743833018
165.46270066100095
152.0115718418515
199.89513108614233
173.19887429643526
173.2687559354226
164.85754985754986
153.32573599240266
154.46826923076924
154.75120076849183
151.90773532152843
142.7637571157495
146.2752646775746
155.70114942528735
180.38388625592418
148.65592417061612
119.52385496183206
135.0978886756238
135.10390848427073
159.66666666666666
138.2304725168756
139.38307984790873
171.425
138.352828379674
123.43412322274881
123.02870813397129
133.73759541984734
124.96217264791464
136.09942638623326
102.74199806013578
132.20075757575756
124.67352666043031
99.6081208687441
129.78488372093022
126.79865771812081
137.010556621881
179.6009708737864
130.1759697256386
141.8943396226415
125.05820610687023
124.30160226201697
140.35892514395394
127.29198473282443
154.12666666666667
133.94117647058823
149.5653846153846
141.10776699029125
125.57452830188679
126.3529411764706
131.9245283018868
117.49065420560747
135.1350330500472
131.13105413105413
103.4632282712512
142.02588686481303
146.79131255901794
128.2212643678161
134.25988700564972
145.9865125240848
148.54466858789624
143.22318007662835
154.25667938931298
127.67791706846673
130.47047619047618
121.26578699340246
115.38257575757575
115.32573599240266
132.66893203883495
119.04812319538017
126.61625708884688
122.63697318007662
121.78537956888472
131.80642115203023
127.54099905749293
133.6704871060172
140.66136576239475
152.30274361400188
139.05253104106973
146.0903041825095
121.78688524590164
136.43570057581573
135.09300095877276
136.83238095238096
138.73584905660377
123.04596622889306
140.74690770694576
127.09300095877278
137.17630331753554
135.88007554296507
137.317429406037
129.1474296799224
128.01351351351352
132.37741312741312
113.16715542521995
146.48630783758261
134.0940170940171
132.7159199237369
139.27141482194418
174.28195488721803
123.23719165085389
113.39105613701237
165.35955056179776
150.6657223796034
133.6459747817653
119.03388189738625
127.37009345794392
126.82409177820267
142.74492753623187
127.12417061611374
117.99718574108817
130.34218009478673
128.4947267497603
114.81442307692308
128.24461105904405
