355.02521008403363
365.61344537815125
245.71428571428572
191.7310924369748
334.57142857142856
299.70588235294116
250.48739495798318
335.4957983193277
304.74789915966386
227.78151260504202
305.8487394957983
218.3781512605042
357.6386554621849
275.218487394958
340.6890756302521
290.60504201680675
213.27731092436974
157.8655462184874
249.6218487394958
333.6806722689076
391.79831932773106
243.49579831932772
270.10084033613447
193.07563025210084
388.38655462184875
401.94117647058823
221.10084033613447
265.30252100840335
321.96638655462186
198.83193277310923
209.57983193277312
219.64705882352942
195.4453781512605
235.94957983193277
158.2941176470588
307.3109243697479
203.58823529411765
94.47058823529412
276.01680672268907
219.84873949579833
308.74789915966386
213.57983193277312
183.05042016806723
184.2268907563025
204.07563025210084
160.45378151260505
221.84873949579833
222.78151260504202
173.30252100840337
134.9075630252101
121.45378151260505
211.6638655462185
223.89915966386553
169.3361344537815
179.08403361344537
225.87394957983193
251.64705882352942
238.3781512605042
188.41176470588235
203.3781512605042
214.43697478991598
223.57983193277312
201.45378151260505
171.03361344537817
168.15126050420167
135.1596638655462
241.57983193277312
200.6890756302521
196.68067226890756
209.54621848739495
180.50420168067228
230.08403361344537
139.42016806722688
176.54621848739495
115.22689075630252
141.83193277310923
136.4453781512605
208.7310924369748
208.57983193277312
108.38655462184875
97.09243697478992
92.22689075630252
161.8403361344538
103.25210084033614
140.07563025210084
100.61344537815125
152.07563025210084
170.5966386554622
209.36974789915968
214.3613445378151
129.54621848739495
114.89915966386555
199.05042016806723
164.78151260504202
178.1344537815126
114.07563025210084
166.73949579831933
189.81512605042016
132.9075630252101
206.56302521008402
147.6218487394958
224.3781512605042
120.98319327731092
173.2016806722689
167.9747899159664
172.88235294117646
172.7310924369748
215.94957983193277
129.890756302521
98.23529411764706
177.92436974789916
64.6218487394958
209.7058823529412
135.34453781512605
102.69747899159664
120.83193277310924
174.84873949579833
87.15126050420169
89.15966386554622
126.03361344537815
89.66386554621849
134.51260504201682
141.07563025210084
145.47058823529412
179.25210084033614
106.81512605042016
183.43697478991598
89.95798319327731
193.64705882352942
164.2941176470588
107.21848739495799
97.34453781512605
200.3613445378151
122.16806722689076
111.08403361344538
164.96638655462183
140.4453781512605
148.73949579831933
108.3109243697479
103.73949579831933
173.84873949579833
83.78151260504201
140.91596638655463
144.6638655462185
120.29411764705883
135.9327731092437
168.2436974789916
150.64705882352942
93.9327731092437
143.9075630252101
157.94117647058823
124.40336134453781
128.21848739495798
101.58823529411765
95.97478991596638
161.0924369747899
111.39495798319328
128.51260504201682
136.0672268907563
83.29411764705883
114.84873949579831
133.63025210084032
119.31932773109244
137.72268907563026
140.83193277310923
151.7563025210084
71.89915966386555
92.78991596638656
140.07563025210084
94.52941176470588
100.90756302521008
101.85714285714286
106.45378151260505
116.5546218487395
159.94117647058823
102.14285714285714
98.49579831932773
110.67226890756302
103.63025210084034
91.83193277310924
83.32773109243698
155.0672268907563
81.6890756302521
112.8655462184874
106.60504201680672
112.05882352941177
157.0420168067227
85.92436974789916
90.61344537815125
101.61344537815125
124.08403361344538
98.01680672268908
133.81512605042016
56.80672268907563
102.04201680672269
116.0672268907563
152.57983193277312
78.94117647058823
153.85714285714286
109.63865546218487
96.90756302521008
117.30252100840336
131.3109243697479
112.7983193277311
85.91596638655462
144.41176470588235
127.56302521008404
104.23529411764706
66.63025210084034
125.17647058823529
127.00840336134453
139.5546218487395
67.05882352941177
109.33613445378151
99.33613445378151
156.85714285714286
81.80672268907563
71.15966386554622
134.48739495798318
110.52100840336135
107.94957983193277
129.45378151260505
75.28571428571429
155.71428571428572
82.67226890756302
89.26050420168067
136.61344537815125
133.53781512605042
114.5798319327731
91.3529411764706
109.67226890756302
90.4453781512605
88.61344537815125
57.39495798319328
101.65546218487395
88.38655462184875
123.99159663865547
67.72268907563026
96.39495798319328
115.42857142857143
156.7983193277311
111.39495798319328
86.94117647058823
84.72268907563026
92.10084033613445
91.2016806722689
156.00840336134453
90.4453781512605
72.67226890756302
101.39495798319328
61.563025210084035
56.80672268907563
56.80672268907563
74.81512605042016
61.563025210084035
67.40336134453781
64.9327731092437
56.80672268907563
56.80672268907563
74.88235294117646
66.1344537815126
56.80672268907563
58.714285714285715
56.80672268907563
72.00840336134453
56.80672268907563
56.80672268907563
59.94117647058823
58.714285714285715
61.563025210084035
62.57142857142857
58.714285714285715
56.80672268907563
56.80672268907563
58.714285714285715
58.714285714285715
60.983193277310924
56.80672268907563
58.714285714285715
58.714285714285715
58.714285714285715
58.714285714285715
58.714285714285715
58.714285714285715
56.80672268907563
58.714285714285715
56.80672268907563
66.39495798319328
78.7983193277311
58.714285714285715
56.80672268907563
69.3109243697479
56.80672268907563
60.21008403361345
58.714285714285715
56.80672268907563
76.84033613445378
58.714285714285715
67.89075630252101
57.016806722689076
69.94117647058823
67.72268907563026
66.49579831932773
66.49579831932773
69.3781512605042
58.714285714285715
75.82352941176471
58.714285714285715
58.714285714285715
56.80672268907563
66.1344537815126
56.80672268907563
58.714285714285715
58.714285714285715
58.714285714285715
66.1344537815126
56.80672268907563
56.80672268907563
79.95798319327731
67.40336134453781
66.1344537815126
56.80672268907563
56.80672268907563
58.714285714285715
58.714285714285715
59.134453781512605
58.714285714285715
58.714285714285715
59.94117647058823
66.88235294117646
58.714285714285715
58.714285714285715
58.714285714285715
58.714285714285715
60.983193277310924
58.714285714285715
58.714285714285715
58.714285714285715
79.84033613445378
69.3109243697479
56.80672268907563
56.80672268907563
64.63865546218487
58.714285714285715
56.80672268907563
56.80672268907563
58.714285714285715
56.80672268907563
58.714285714285715
58.714285714285715
64.84033613445378
58.714285714285715
60.983193277310924
56.80672268907563
66.49579831932773
91.28571428571429
58.714285714285715
66.1344537815126
58.714285714285715
56.80672268907563
58.714285714285715
58.714285714285715
59.94117647058823
58.714285714285715
59.134453781512605
66.63025210084034
56.80672268907563
56.80672268907563
66.49579831932773
56.80672268907563
56.80672268907563
78.17647058823529
78.17647058823529
56.80672268907563
58.714285714285715
58.714285714285715
67.00840336134453
58.714285714285715
56.80672268907563
56.80672268907563
58.714285714285715
58.714285714285715
67.40336134453781
66.39495798319328
69.3781512605042
58.714285714285715
60.21008403361345
56.80672268907563
60.983193277310924
56.80672268907563
56.80672268907563
56.80672268907563
71.65546218487395
56.80672268907563
68.80672268907563
58.714285714285715
64.19327731092437
56.80672268907563
68.08403361344538
62.57142857142857
68.80672268907563
56.80672268907563
67.72268907563026
56.80672268907563
77.16806722689076
58.714285714285715
56.80672268907563
56.80672268907563
69.3109243697479
58.714285714285715
70.56302521008404
58.714285714285715
58.714285714285715
58.714285714285715
56.80672268907563
58.714285714285715
58.714285714285715
64.22689075630252
56.80672268907563
67.40336134453781
62.57142857142857
66.1344537815126
67.38655462184875
53.08403361344538
53.08403361344538
58.714285714285715
53.08403361344538
53.08403361344538
53.08403361344538
56.80672268907563
56.80672268907563
63.05042016806723
62.983193277310924
53.08403361344538
58.714285714285715
58.714285714285715
58.714285714285715
69.3781512605042
58.714285714285715
64.19327731092437
55.48739495798319
68.08403361344538
60.8235294117647
56.80672268907563
56.80672268907563
56.80672268907563
67.02521008403362
53.08403361344538
78.18487394957984
66.1344537815126
53.08403361344538
53.08403361344538
69.3109243697479
58.714285714285715
70.04201680672269
69.3781512605042
58.714285714285715
77.19327731092437
60.983193277310924
56.80672268907563
58.714285714285715
53.08403361344538
58.714285714285715
53.08403361344538
58.714285714285715
53.08403361344538
64.31932773109244
60.983193277310924
58.714285714285715
58.714285714285715
55.48739495798319
53.08403361344538
64.17647058823529
58.714285714285715
64.09243697478992
56.80672268907563
66.08403361344538
67.3781512605042
85.70588235294117
56.80672268907563
69.16806722689076
53.08403361344538
55.48739495798319
74.7983193277311
65.3781512605042
58.714285714285715
53.08403361344538
53.08403361344538
64.81512605042016
58.714285714285715
66.08403361344538
56.80672268907563
69.3109243697479
56.80672268907563
53.08403361344538
66.76470588235294
56.80672268907563
56.80672268907563
53.260504201680675
58.714285714285715
