236.83193277310923
220.51260504201682
185.43697478991598
237.7563025210084
185.0252100840336
224.2268907563025
273.2436974789916
200.3361344537815
211.6386554621849
252.45378151260505
253.14285714285714
148.64705882352942
180.03361344537817
205.2268907563025
137.87394957983193
137.0924369747899
157.28571428571428
283.546218487395
96.56302521008404
133.4453781512605
181.6638655462185
189.14285714285714
311.93277310924367
120.56302521008404
154.6386554621849
93.95798319327731
204.47058823529412
178.89915966386553
150.7563025210084
192.64705882352942
150.2941176470588
109.61344537815125
106.04201680672269
104.90756302521008
137.03361344537817
153.6218487394958
80.05042016806723
91.02521008403362
103.74789915966386
115.87394957983193
120.5798319327731
99.72268907563026
110.8655462184874
123.31932773109244
150.3613445378151
123.92436974789916
88.31932773109244
98.58823529411765
93.4453781512605
102.21008403361344
79.46218487394958
67.89915966386555
62.705882352941174
67.38655462184875
62.705882352941174
70.67226890756302
65.0
62.705882352941174
67.38655462184875
62.705882352941174
67.38655462184875
67.38655462184875
67.38655462184875
62.705882352941174
67.38655462184875
57.39495798319328
62.705882352941174
67.38655462184875
67.38655462184875
79.38655462184875
67.38655462184875
67.38655462184875
82.16806722689076
67.38655462184875
82.91596638655462
67.38655462184875
62.705882352941174
78.97478991596638
85.26050420168067
70.09243697478992
62.705882352941174
92.49579831932773
62.705882352941174
70.09243697478992
62.705882352941174
62.705882352941174
75.41176470588235
67.38655462184875
79.59663865546219
82.91596638655462
67.38655462184875
67.38655462184875
78.97478991596638
79.46218487394958
67.38655462184875
80.87394957983193
62.705882352941174
88.33613445378151
67.38655462184875
70.67226890756302
