297.4034582132565
198.25571428571428
157.55523255813952
164.06258890469417
223.74162011173183
216.19522471910113
159.07625899280575
219.11898016997168
210.22471910112358
216.44929577464788
302.13592233009706
225.09156976744185
152.52793296089385
189.32496513249652
244.98860398860398
186.86950146627566
197.767004341534
154.42917847025495
238.0225352112676
237.46826516220028
159.3622159090909
168.96614950634697
152.31432748538012
240.55912408759124
174.9057665260197
152.09604519774012
191.70323488045008
180.70071942446043
169.57746478873239
200.222695035461
143.96153846153845
172.485835694051
158.14825174825174
215.3357142857143
243.59432624113475
200.0632911392405
179.7503586800574
241.59887798036465
198.68534482758622
197.23829787234044
198.5768156424581
112.28370786516854
135.1418439716312
168.20483641536273
163.7642857142857
163.32471264367817
141.56795422031473
167.38672438672438
204.4450784593438
204.1244635193133
173.55960729312764
201.45875542691752
169.7063829787234
138.0947666195191
269.1154401154401
125.07828655834564
205.0919377652051
178.58605974395448
168.15539568345324
143.24525547445256
197.90271816881258
160.26005747126436
120.32808022922636
113.73305084745763
133.05323741007194
166.97222222222223
220.2627840909091
213.28040057224607
175.76878612716763
149.5809659090909
119.8685376661743
151.57474600870827
151.3631205673759
128.29317851959362
120.73870056497175
198.28328611898016
165.0525568181818
165.44332855093256
165.48936170212767
104.5148095909732
138.2875912408759
126.86086956521739
108.43175074183976
181.53501400560225
139.3654390934844
128.05300859598853
222.87428571428572
150.45772594752188
168.5167597765363
115.08670520231213
127.48717948717949
125.0436046511628
121.7684515195369
180.10014104372357
150.2574679943101
150.6330014224751
115.78093883357042
166.86211699164346
165.47943262411349
132.47659574468085
119.01298701298701
131.36521739130436
119.5307917888563
117.63649222065064
133.9250720461095
125.1680790960452
110.9402560455192
157.3512747875354
113.26504297994269
163.9683908045977
135.19942611190817
124.53790087463557
142.08957415565345
118.19467787114846
141.1434659090909
95.65527065527066
126.57412790697674
125.4620886981402
178.50429799426934
157.8357142857143
110.4493580599144
132.89787234042552
132.82546494992846
146.7051282051282
182.0825958702065
129.9971870604782
100.83779761904762
149.742816091954
121.8757225433526
195.73216885007278
123.38428571428571
122.27762039660057
214.28571428571428
109.96676300578035
112.20487106017193
117.66666666666667
123.30547550432277
127.66333808844507
157.6789250353607
124.75352112676056
123.71754636233952
129.39376770538243
115.1231884057971
167.16879432624114
122.62759643916914
123.7568345323741
148.98297872340424
161.49714285714285
124.46197991391679
128.83213773314205
113.24425287356321
215.75455820476859
108.51293103448276
126.79886685552408
122.92959770114942
130.61659513590845
108.8416547788873
129.89798850574712
146.34696755994358
161.69857142857143
123.13399153737659
114.16879432624114
127.56039325842697
112.507204610951
107.08498583569406
114.95588235294117
150.00728862973762
103.21947674418605
99.91595441595442
100.22561863173217
128.94366197183098
109.39514978601997
129.63983050847457
112.83972602739726
133.5094890510949
110.05660377358491
116.9358059914408
108.29859154929578
120.06060606060606
114.55523255813954
133.9463768115942
119.55167394468704
109.59571428571428
167.47
112.76379066478076
133.26878612716763
126.1880341880342
103.98250728862973
117.95732574679943
106.62767475035663
129.80167597765364
99.6577840112202
119.15507246376812
104.45968882602546
112.64356435643565
108.85611510791367
99.66330935251798
105.88418079096046
147.61760461760463
131.45968882602546
122.80318379160637
110.0409604519774
137.28531073446328
110.89739884393063
106.6163610719323
93.06160458452722
98.9479015918958
107.14366998577525
126.77745664739885
130.4381368267831
133.52586206896552
105.38603988603988
100.64740740740741
95.93839541547278
107.13661971830986
110.47246376811594
100.16714285714286
98.08583690987125
115.73775216138328
92.2905982905983
102.45919778699862
103.55316091954023
99.98678414096916
139.72701555869872
127.83189655172414
108.35028248587571
145.3284457478006
101.44179523141655
104.24147727272727
96.13857142857142
109.52821997105644
94.69508670520231
98.32056737588653
96.90961262553802
90.01422475106686
118.95645863570392
95.28857142857143
109.32521489971347
96.99712230215827
98.0509461426492
116.73027259684362
111.59
110.71875
119.25655976676384
106.21037868162693
102.47346368715084
112.34850640113798
94.91690544412607
88.18903318903318
106.66856330014225
88.14020028612303
88.5320970042796
87.50643776824035
86.32369942196532
95.29078014184397
87.64033850493654
88.27793696275072
90.84441301272985
85.4715909090909
76.86819484240688
89.29124820659972
91.69051094890511
108.14651493598862
86.55072463768116
86.91230551626592
91.7645390070922
93.31059506531204
90.91796322489392
86.8932178932179
84.96056338028168
92.74235807860262
89.28428571428572
90.49928469241775
92.3778409090909
88.4068278805121
88.04604316546762
91.46952908587258
93.11781609195403
85.97997138769671
84.00988700564972
96.29545454545455
88.03988603988604
87.25528913963329
88.97872340425532
90.76136363636364
94.78611898016997
91.70786516853933
83.34913793103448
87.70880681818181
83.94594594594595
93.96600566572238
91.92329545454545
87.35724331926863
95.36657303370787
87.76216968011127
91.06392045454545
94.24890829694323
83.41159420289856
86.38559322033899
81.8605974395448
90.99718309859155
97.95389048991355
89.95507246376812
92.45014245014245
101.640625
100.96458923512748
87.62162162162163
78.03039073806079
84.23044096728307
108.69364161849711
89.85072463768115
95.11806543385491
87.9512893982808
85.13074712643679
92.87642045454545
91.33045977011494
91.07594936708861
91.24397163120567
95.71086036671367
87.08477011494253
91.78726483357453
90.01859799713877
91.36170212765957
89.9007299270073
95.02991452991454
89.74816983894583
84.95609065155807
85.89825581395348
97.71181556195965
87.33380884450784
97.41276595744681
87.26368876080691
97.87874465049929
93.27351664254704
106.7132667617689
85.00428571428571
91.49352517985612
82.9247159090909
94.73201692524682
81.32844574780059
93.67468175388967
95.63598326359832
124.59801136363636
90.83717579250721
99.51729106628243
87.31388888888888
90.22046109510086
88.03792134831461
84.46802325581395
91.44964539007093
89.17236467236468
90.16450216450217
93.57665260196906
93.64224137931035
90.96258992805755
89.65079365079364
87.41364296081277
85.42773722627737
83.47100424328147
84.10795454545455
89.26099706744868
97.55177304964539
94.62019914651493
87.57163323782235
91.69416785206259
88.56521739130434
86.48051948051948
89.27943262411347
86.25611510791367
93.2485549132948
89.07703281027104
91.3056338028169
93.55790960451978
116.41631504922644
98.19686162624822
93.61340941512125
85.47782546494993
87.94436310395315
93.90223463687151
88.5
96.85168869309838
91.26694915254237
93.0687237026648
99.33
91.67517730496454
88.36619718309859
86.7991513437058
86.23285714285714
89.07681365576103
89.14651493598862
93.34513274336283
89.93598862019914
86.9957805907173
89.53342618384401
116.74526928675401
84.5480631276901
84.12676056338029
88.0233918128655
95.21388101983003
82.25801749271137
105.8388969521045
87.29676511954993
90.45231213872832
104.44444444444444
95.32863187588153
88.81518624641834
87.59534206695778
92.21397379912663
89.14427157001414
87.82047685834502
91.26628895184136
91.59712230215827
89.00287356321839
90.1502808988764
92.81073446327683
90.13758865248226
90.5391061452514
88.84022824536376
104.63820549927641
95.01123595505618
91.08108108108108
125.0
90.90317919075144
85.42419825072886
88.33426966292134
83.30880230880231
87.74285714285715
81.85714285714286
88.43422913719944
84.01870503597122
92.8271954674221
89.60144927536231
85.87026239067055
89.9913544668588
86.03116147308782
92.51694915254237
95.63019390581718
87.36916548797737
85.67857142857143
82.95602836879432
91.79178470254958
92.30626780626781
93.81985815602837
91.91739130434783
91.34269662921348
90.03333333333333
87.5148095909732
85.05255681818181
87.02861230329042
85.09182209469154
89.83053221288516
88.18731988472622
94.18285714285715
96.30932203389831
89.9403409090909
94.87339971550497
92.32952924393723
89.3356940509915
86.96098265895954
82.7970802919708
108.56748911465893
99.08404558404558
86.62250712250712
87.18668596237337
85.40571428571428
85.75178316690442
92.89239598278336
93.9006993006993
84.98196948682386
90.54703328509407
93.0184659090909
98.32327586206897
92.6054131054131
99.92329545454545
85.22781065088758
90.68671328671329
88.23495702005731
90.93722627737226
86.07803468208093
82.425
90.00286944045911
89.89750692520775
92.43059490084985
102.76068376068376
103.11095100864553
88.84159779614325
86.62588904694168
88.06082036775106
85.78977272727273
80.5623188405797
90.83333333333333
89.39173789173789
108.4
92.60912981455064
118.34100719424461
85.40714285714286
108.02945301542778
85.3556187766714
82.80140845070423
79.67638483965014
