389.919921875
314.92452830188677
322.1632075471698
315.472947761194
367.3787878787879
289.9751196172249
336.7247619047619
268.50847457627117
265.09867172675524
219.09868421052633
241.89766081871346
317.781425891182
269.90630975143404
212.15081652257444
305.1498586239397
262.55169082125605
395.1075888568684
288.52616555661274
271.8925855513308
288.35921421889617
216.614051973051
283.51691729323306
289.5047438330171
300.14258734655334
267.162702188392
266.9864603481625
229.89488910318227
241.46458923512748
265.1807692307692
309.7257142857143
301.34071222329163
272.64230769230767
257.74453941120606
241.62355212355212
232.76298394711992
223.47934678194045
230.83942307692308
243.62203228869896
255.28420038535646
231.9170638703527
220.10084825636193
281.109496124031
305.2641509433962
337.7751423149905
260.81932367149756
281.2397716460514
231.07073643410854
293.9450337512054
214.4785046728972
325.4745437079731
243.22490347490347
245.39828080229228
281.5172744721689
263.909264565425
205.07942583732057
277.4131679389313
298.5542747358309
284.8354186717998
240.49137931034483
276.66477809254013
227.05167464114834
293.02194656488547
285.3862134088763
261.80925401322
235.68194842406876
266.5129932627527
292.83880037488285
353.3045540796964
265.8619718309859
266.45343367826905
281.6060037523452
282.64053537284894
332.22024367385194
259.70741097208855
251.78009478672985
260.89262371615314
295.7917059377945
239.02692307692308
277.59069325735993
244.00575815738964
226.65664403491755
284.9091778202677
203.56037735849057
247.1534090909091
196.3246511627907
182.3019230769231
252.73294908741596
213.21561338289962
290.44170616113746
238.60956937799043
166.90717703349281
241.70009551098377
238.40921919096897
272.3231064237776
257.04562737642584
241.88376383763838
287.4855212355212
270.7111947318909
205.44834307992204
175.97490706319704
225.96644295302013
305.803605313093
261.5792972459639
222.69208494208493
226.77121067683507
244.05118483412323
238.02374169040834
228.8376811594203
221.54046242774567
215.44256120527308
232.28109696376103
253.57784145176694
229.78962264150942
254.82837967401727
191.89569377990432
203.65158806544756
234.6849710982659
205.1581920903955
282.2382775119617
197.8924528301887
245.5047619047619
203.44230769230768
222.59505703422053
277.09817131857557
263.19043062200956
207.11444652908068
222.50661625708884
244.9798076923077
254.62535211267607
231.50095969289828
203.5066413662239
197.98861480075902
198.40134099616859
234.68968692449354
243.09383886255924
234.7091932457786
204.59052132701422
219.58227848101265
278.3248106060606
165.0189393939394
183.75239005736137
239.90310442144872
214.7332089552239
247.3212927756654
221.74504249291786
188.16954022988506
225.47293447293447
204.94516728624535
233.66470588235293
264.31796801505175
227.62075471698114
196.2793136320305
276.9270833333333
223.86219739292366
211.71279620853082
244.7174119885823
220.28517823639774
189.48757170172084
242.0361216730038
233.0968660968661
189.67557251908397
183.27136150234742
237.9923518164436
183.76235741444867
173.86817325800376
206.6903409090909
180.51079812206572
168.10813397129186
170.53384175405148
244.0780209324453
212.38476011288805
199.03428571428572
177.18726235741445
202.22417153996102
238.27702702702703
248.47863247863248
216.22243528283798
196.05070422535212
178.27403846153845
280.6235632183908
263.0345821325648
190.23054755043228
240.16101694915255
197.29166666666666
245.52890995260663
158.6887417218543
205.85100286532952
206.55009633911368
256.08193668528867
150.39285714285714
288.51606805293005
220.40527803958528
191.60710854947166
192.62335216572504
226.81616939364773
181.02103250478012
231.43815915627997
226.95183044315993
234.90057915057915
174.62652869238005
215.8694418164617
183.45743685687557
208.7944284341979
144.1000944287063
210.1766409266409
203.953095684803
233.76145930776426
245.49482596425213
183.9443378119002
195.96003805899144
219.4488188976378
230.9105613701237
209.4976167778837
223.40467289719626
193.6373106060606
180.05423406279735
230.53390639923592
159.49419729206963
223.6375968992248
191.01344860710856
189.58260869565217
171.1296472831268
183.0244131455399
152.35459662288932
204.55460588793923
180.72571428571428
220.92897727272728
164.4863849765258
187.14622641509433
143.62092130518235
224.97086466165413
163.53281853281854
210.0751879699248
213.99243140964995
183.135527589545
178.81561618062088
166.67197750702906
191.09282296650719
212.04592314901592
209.16034155597723
228.3942857142857
227.63236669784845
138.74760994263863
167.16473988439307
218.80428704566634
160.84608120868745
174.36767485822307
158.1215043394407
183.00480769230768
153.29811320754717
177.62851782363978
169.06621226874393
192.7504816955684
213.2148288973384
220.88983855650523
190.5867924528302
182.85294117647058
166.39204545454547
206.79036827195466
190.66730401529637
246.98214285714286
219.76982591876208
156.49154135338347
156.16826003824093
180.28140214216162
194.279091769158
244.47775628626692
213.86509433962263
245.44550669216062
173.05466540999058
171.93767705382436
182.82088122605364
197.91283524904213
128.7719465648855
184.17584541062803
237.58204633204633
181.63346228239845
185.46641074856046
180.91737089201877
220.00477554918817
180.69856459330143
163.75402081362347
164.03739213806327
168.1851126346719
192.04908565928778
212.9573055028463
144.92666666666668
173.67915465898176
191.31714285714287
191.71483253588517
232.3929254302103
196.3131604226705
196.01605288007553
161.0190114068441
139.2464722483537
159.4263862332696
182.05523809523808
169.36355140186916
186.99425837320575
182.12129894937917
190.15326395458845
137.45437079731028
241.83996212121212
218.7226970560304
180.56267942583733
176.752417794971
193.10422812192724
137.69631031220436
161.7223823246878
149.75875118259225
177.84966698382493
206.4181818181818
167.61602982292638
177.69714285714286
211.11174785100286
203.93982808022923
168.6254752851711
187.38076923076923
134.75
174.59069325735993
146.24254090471607
164.0858244937319
222.24616858237547
214.02081362346263
197.618779342723
169.3039309683605
185.7058823529412
157.2502387774594
179.91312741312743
167.75858778625954
145.66071428571428
187.21509433962265
198.05283381364072
144.8065134099617
186.58190476190475
152.56805293005672
174.1277617675312
219.0692883895131
162.06941838649155
227.41904761904763
159.15553435114504
185.66793529971457
213.2013358778626
155.93578847969783
151.18713450292398
140.56954887218046
174.6239316239316
184.37996219281663
185.68816169393648
206.20650095602295
199.88555347091932
185.30659025787966
146.99141221374046
143.95829383886255
159.67809523809524
227.33053221288515
187.3440150801131
132.17579250720462
182.8706326723324
190.4833174451859
176.0124521072797
162.60536398467434
144.0019120458891
202.8096590909091
141.5750469043152
198.98850574712642
225.50188679245284
150.24788732394367
198.34757834757835
166.10122989593188
225.94985808893094
163.4416195856874
169.72190476190477
181.07852412488174
238.15347490347492
203.6017274472169
146.28873917228103
179.78598484848484
181.57497612225407
180.67376573088092
158.61671469740634
129.6177311725453
170.3612417685795
180.25142857142856
123.59639126305792
176.0621414913958
150.72511848341233
150.84822286263207
169.66048780487804
152.3975448536355
157.3162970106075
173.39488636363637
166.0303893637227
174.1129943502825
139.97725118483413
166.22960151802656
147.71387559808613
173.45904761904762
177.8229571984436
144.96955280685063
181.16477272727272
141.52277039848198
111.47497639282342
120.03396226415094
126.01699716713881
117.06315789473685
116.52385496183206
158.42392344497608
120.91039084842707
128.712368168744
115.02542372881356
175.12921890067503
121.63342830009496
201.26128722382325
125.92557251908397
113.73482726423903
131.92592592592592
116.97056030389363
137.73180076628353
135.9678334910123
120.78470254957507
117.03581800580832
169.96339113680153
129.3323996265173
117.56344696969697
110.71961722488038
141.15247895229186
187.1155682903534
115.25334608030593
118.6222851746931
116.69150943396227
127.11838306063522
113.10800744878958
125.43874643874643
111.81913875598086
134.74762808349146
199.43773946360153
124.82437619961613
117.87523452157599
119.2862632084534
176.91455399061033
128.0
134.6657196969697
173.09735349716445
118.69874879692011
133.7022684310019
146.12098298676747
114.31528046421663
114.16443594646272
137.75557710960234
127.05681818181819
120.02462121212122
132.8905803996194
178.98649951783992
112.65077821011673
115.06565176022835
186.37116279069767
122.56695156695157
135.93472090823084
185.0247619047619
132.49248120300751
115.99526066350711
141.41198858230257
114.4319248826291
109.04038461538461
119.70785440613027
114.99043062200957
173.66352497643732
119.4
116.17387218045113
136.71682242990653
173.9225621414914
121.89428571428572
134.04875717017208
112.20663507109005
121.10941960038059
118.81591562799616
110.83849765258216
124.58503401360544
113.54738878143134
113.77410207939508
123.31988472622479
138.2336802270577
122.03200775945683
130.46318732525629
123.1969696969697
134.63454198473283
129.35536398467434
160.5263671875
120.59942084942085
125.20413922859831
138.7604961832061
134.70485436893205
112.88076923076923
121.18259224219489
172.23804878048782
129.7566037735849
114.18564593301436
186.9314938154139
182.73205741626793
176.3285984848485
121.32982791586998
113.50799623706492
138.3295128939828
129.35430784123912
139.95386064030131
137.78537956888474
128.01984877126654
127.78972407231208
114.13130352045671
145.04042348411934
123.59372026641294
121.69980879541109
114.4376811594203
178.9025787965616
121.3645038167939
120.70973963355834
124.79980657640232
124.5066413662239
175.0421052631579
123.87724268177526
126.611911623439
122.94139886578449
111.0095785440613
108.02
136.3578947368421
134.39388145315488
115.89874638379942
127.94886363636364
111.19886363636364
203.63920454545453
114.07407407407408
131.8784425451092
179.16299137104505
141.65580057526367
121.7690114068441
125.56003842459174
113.01885014137606
108.4170661553212
118.42292870905588
123.16955684007708
127.2848948374761
182.7639282341832
115.58806818181819
112.48705656759348
115.65410628019323
142.79182509505702
133.19753086419752
149.39545884578996
132.4976348155156
118.19333333333333
112.5719733079123
119.45681381957773
189.21332046332046
200.98317757009346
114.10964083175803
115.5177033492823
181.69665071770336
114.7422480620155
128.18957345971563
123.16760299625469
128.98303487276155
119.39309683604985
118.72390891840607
119.86307837582625
120.61800947867299
112.67726396917148
117.59025787965616
104.74307545367718
150.77466150870407
122.62307692307692
122.99247412982126
122.19546742209631
116.84615384615384
136.36902485659655
102.48368522072937
108.69018112488084
110.10221793635488
125.8809980806142
112.3689138576779
113.08268482490273
124.64650283553875
117.42095238095239
105.54588910133843
118.51866028708135
143.01792452830188
109.75
155.81601525262155
119.57607655502392
116.92411143131604
113.08015267175573
160.63558515699333
135.1280834914611
133.60629170638703
128.6951219512195
199.3482824427481
111.30680728667306
126.20686367969495
120.75396085740914
138.58231420507997
134.54110898661568
141.14405204460965
126.30629770992367
134.30732635585156
132.9090909090909
178.15581854043393
181.82637571157494
131.21734985700667
108.65774378585085
113.4045584045584
124.60226201696513
115.03470919324577
143.63688212927758
118.3661567877629
109.68932955618509
118.32173095014112
131.63193116634798
128.5034280117532
118.5340909090909
112.3377990430622
115.6510962821735
117.17726396917148
117.92351274787535
120.17407757805108
103.42788920725883
118.88048552754435
116.62028985507246
136.395614871306
108.11293436293437
152.11165048543688
173.90856031128405
117.16462841015992
128.4234404536862
122.47623574144487
122.9322362052275
133.55290753098188
112.5907780979827
129.4948162111216
132.53281853281854
176.36766121270452
175.25119846596357
168.8662900188324
124.25915221579962
146.73669201520912
124.81370656370656
114.47521865889213
179.4967502321263
105.6414380321665
121.1744966442953
116.31447746883988
123.41745730550285
116.47126436781609
111.29087452471482
115.03089887640449
114.20322886989554
110.47036328871893
117.519394512772
101.92130518234165
120.48934108527132
109.44117647058823
119.91555977229602
107.20888468809073
167.48362956033677
120.51529636711281
131.19558964525407
117.05933014354066
113.26705091258405
113.81774349083896
167.8575553416747
117.79036827195468
120.80912476722533
175.09884836852208
123.68520263901979
126.32923368022706
133.58030592734227
109.90236966824645
173.93205741626795
116.52169811320755
112.88920454545455
112.12124060150376
113.9024154589372
187.06448508180944
111.72822966507177
137.1844843897824
119.97030651340997
130.2173913043478
128.5243553008596
114.97150997150997
162.83540669856458
127.10270774976658
122.08650190114068
152.15196998123827
146.55840455840456
114.8791312559018
116.95660559305689
108.25244618395304
106.53288846520496
117.4326923076923
159.95042095416278
119.711004784689
126.99522900763358
110.80660835762876
164.92037914691943
117.1568247821878
118.84565014031806
118.35996150144369
139.41963426371512
120.09953051643193
113.52576335877863
193.88207094918505
109.45700934579439
110.39942252165544
132.24291115311908
168.35700757575756
117.5530888030888
188.2243166823751
112.82667964946447
116.38785046728972
116.3862134088763
120.38418604651163
125.05075187969925
132.93913857677902
121.25692454632282
122.23251417769376
112.64862298195632
138.08212560386474
126.30956848030019
107.93623188405797
181.59181731684112
115.07798617966436
109.42634146341463
126.75842155919153
117.11417697431018
127.4047619047619
136.38361266294228
134.65164319248825
166.66096866096865
189.0240615976901
113.03049907578558
139.48694029850745
104.6084452975048
136.37001897533207
125.70688030160227
131.6075117370892
131.17685185185186
125.67877629063098
126.01167315175097
131.0474383301708
118.16216216216216
113.88598130841122
110.8950328022493
152.94696239151398
117.77514231499052
109.7316384180791
124.11216730038022
110.94326923076923
116.8895292987512
190.18121442125238
116.12406015037594
129.4126534466478
138.86778398510242
109.5595703125
126.90248565965584
110.94285714285714
114.53787878787878
110.84235517568851
119.69364161849711
176.12112403100775
116.01996197718631
175.39012584704744
127.12788461538462
114.59410646387833
108.00857959961868
123.73714285714286
103.42926356589147
111.38973384030419
190.17490494296578
123.96972563859981
119.91650853889944
159.32282712511937
128.46563407550823
128.7811320754717
133.52969348659005
141.42384105960264
176.88263358778627
116.06089438629877
137.93441064638785
105.98670465337132
116.4769520225776
111.93901258470474
123.70868347338936
117.69143932267168
126.96904315196998
113.7570888468809
188.0911680911681
125.51081843838193
147.6301886792453
123.3283160865475
116.35155513666352
137.32380952380953
