169.97860199714694
194.44950213371266
168.08452722063038
203.27272727272728
204.3161659513591
265.3982683982684
228.05057803468208
172.57997218358832
178.86090775988288
206.1005747126437
152.30212765957447
134.95014245014244
137.41379310344828
224.47390691114245
183.42257597684514
232.77187948350073
189.62093352192363
245.37429378531073
141.30465444287728
178.85814606741573
138.91076487252124
167.37393767705382
199.31690140845072
189.18011527377521
151.20087976539588
180.6903039073806
213.625
182.16216216216216
204.2851063829787
219.7568345323741
162.80959302325581
144.73138686131387
162.32991202346042
142.97122302158274
156.9811320754717
127.6571018651363
187.02974504249292
211.7078488372093
199.9442857142857
202.29
246.0482269503546
182.28370786516854
180.01131541725601
131.0487804878049
185.9231884057971
130.77601156069363
211.84255319148937
141.17304964539008
136.21030640668525
136.62952243125903
141.0468085106383
312.24719101123594
177.10198300283287
150.5876577840112
208.1221264367816
133.8307030129125
178.92198581560282
169.13719943422913
166.79369627507162
162.72622478386168
134.1239316239316
118.35135135135135
120.54031117397454
127.05882352941177
120.09700427960057
238.88285714285715
165.27824858757063
176.41908713692945
157.5338028169014
134.21151079136692
167.2099290780142
118.6647966339411
151.37589670014347
180.00578871201157
148.26647564469914
198.94668587896254
214.40395480225988
167.8184438040346
137.46544428772918
162.93900709219858
135.49927431059507
155.37412095639942
150.74501424501423
132.98561151079136
121.91983122362869
129.2193362193362
112.77762039660057
167.1603498542274
160.27027027027026
128.1096866096866
130.3525925925926
128.6447931526391
116.72408963585434
110.09420289855072
132.82394366197184
134.20172910662825
121.99431818181819
145.9306358381503
141.05873925501433
128.71120689655172
123.85652797704448
167.93162393162393
125.1058495821727
157.578125
110.90975254730714
124.69723435225619
178.3057142857143
110.90014471780029
157.05293276108728
100.77492877492878
131.76834532374102
139.26474820143886
115.45454545454545
122.8950354609929
219.21480406386067
176.53370786516854
162.72399445214978
128.6894586894587
116.54571428571428
157.46541786743515
172.88668555240793
119.19619326500732
158.91260744985672
168.0941512125535
153.18706047819973
132.71669004207573
131.27793296089385
134.24824684431977
129.4349710982659
121.59116809116809
109.5830985915493
139.37727910238428
113.41018387553041
124.6046511627907
125.82596291012838
116.66427546628408
151.06134094151213
121.36091298145506
119.2682584269663
148.89185393258427
117.11444921316166
106.67862266857962
125.02873563218391
103.59970887918486
111.6231884057971
112.08946608946609
143.75441176470588
121.94752186588921
135.21875
138.1145685997171
118.19627507163324
116.38659058487875
105.54612005856515
129.2111111111111
110.22383720930233
108.45845272206304
112.88714285714286
125.74431818181819
141.06564245810057
118.1931330472103
101.3125
107.44412191582003
117.0901287553648
117.87869822485207
122.1882183908046
123.12103746397695
144.75214899713467
144.58581560283687
151.3846153846154
127.11206896551724
133.93103448275863
130.95079594790158
116.17902097902098
108.14265335235378
112.03960396039604
118.43039772727273
135.0898716119829
146.86599423631125
136.82162921348313
117.68596237337192
115.00287356321839
123.66043165467626
106.79136690647482
116.30496453900709
119.52456647398844
143.08321579689704
118.04768786127168
102.95664335664335
126.49162011173185
116.12017167381974
105.65186246418338
119.14970930232558
110.56477438136827
106.61230329041487
103.81792717086834
114.14183381088826
134.7627840909091
125.45545977011494
122.07834757834758
150.8720445062587
110.5410071942446
121.02725968436155
129.46488764044943
116.81449275362318
122.90482954545455
155.98717948717947
124.02397743300423
117.88652482269504
125.83724137931034
107.29478138222849
105.56241032998565
111.87518142235123
118.50070921985815
110.92017416545718
137.2380261248186
107.02112676056338
110.38148667601683
118.2867332382311
126.93247126436782
96.18507890961263
99.38264580369844
130.1189111747851
113.57865168539325
109.25462304409673
109.6774193548387
97.53932584269663
137.85285714285715
105.1846590909091
96.17605633802818
97.43521126760564
116.06107954545455
135.52608695652174
105.69620253164557
99.94668587896254
145.19549929676512
116.3146551724138
115.16017316017316
124.95251798561151
101.18832116788322
96.95244956772335
118.34334763948497
105.22413793103448
103.60113154172561
114.24285714285715
98.89208633093526
113.73224852071006
104.59071117561683
149.46175637393767
104.18194842406876
116.38810198300283
97.26215022091311
94.33666191155493
95.27817403708987
115.92566619915848
95.92690058479532
103.26685796269727
100.31875881523273
85.13191489361702
88.21060171919771
104.41477272727273
98.86770981507824
97.71592539454807
91.38888888888889
89.47949080622348
92.08769448373408
92.07306590257879
94.76858345021037
92.06241134751772
108.13285714285715
86.36728837876615
98.1927374301676
97.80028530670471
92.16011235955057
93.42535211267605
89.50700280112045
91.19596541786744
96.90844062947068
102.64142857142858
91.47954866008463
90.61971830985915
97.42837078651685
101.09436619718309
94.50726744186046
93.98563218390805
97.71323529411765
88.55942028985507
89.484375
103.32761087267525
94.63623395149786
91.60957910014514
96.62464183381088
92.97619047619048
89.15820029027576
100.79885057471265
89.8944365192582
104.88210227272727
96.73170731707317
87.41244573082489
90.65537555228276
84.22366522366522
97.62412342215988
92.91513437057992
100.22589928057553
91.54802259887006
94.9837518463811
96.13764044943821
86.79432624113475
87.95338983050847
93.19209039548022
97.83848314606742
97.22050561797752
98.84017595307918
92.57102672292545
103.22585227272727
111.94922425952045
92.53612716763006
97.134163208852
89.32402234636872
94.92805755395683
125.2115107913669
95.01123595505618
106.75944055944056
93.09014084507042
110.53602305475505
92.82510578279266
99.38593974175036
98.2703081232493
96.25316455696202
88.73408769448373
114.70470756062767
96.14589235127478
94.38142857142857
88.14387464387464
95.36324167872648
102.02130681818181
97.75867052023122
91.79446064139941
91.01564722617354
95.9250720461095
87.46627565982405
91.57979502196193
100.61764705882354
103.77291960507758
91.67343976777939
95.58620689655173
91.60492040520984
93.25884016973126
93.88385269121812
91.13100436681222
109.02941176470588
91.54610951008645
94.17696629213484
103.46142857142857
96.83946980854198
93.13183730715288
91.45086705202313
95.30377906976744
103.527817403709
91.93370944992948
98.12787356321839
95.21538461538462
108.60431654676259
98.94706723891274
101.0140056022409
107.56540084388186
94.35235378031383
93.97907949790795
92.73170731707317
111.70935251798561
84.37536231884059
104.25282485875707
91.67862266857962
95.2725988700565
93.72662889518413
97.8688293370945
98.7179856115108
101.17163120567376
101.71082621082621
103.82228490832158
91.17971014492754
97.8705547652916
90.56189151599443
95.98691860465117
100.59803921568627
97.44236311239193
94.52765957446809
98.12288135593221
92.10335195530726
93.05300859598854
90.79411764705883
96.87078651685393
96.30440967283073
90.01587301587301
93.57245337159254
96.83829787234042
106.56934306569343
100.85372714486638
86.27887323943662
112.47598253275109
84.74425287356321
99.18195050946143
97.27705627705627
100.86142857142858
93.44363103953148
94.28005657708628
91.56795422031473
95.24023154848047
93.55492154065621
95.01432664756447
85.42165242165242
91.70354609929078
92.23470839260312
97.30341880341881
91.30440967283073
94.47571428571429
91.8954802259887
91.45779685264664
90.18758815232722
106.09776536312849
84.3193641618497
100.72301136363636
106.31489361702128
97.04107648725213
93.57014925373134
95.87642045454545
93.61807580174927
96.57325746799431
93.52824858757062
95.75679542203147
88.38649425287356
106.84406294706724
94.38880918220947
96.42385057471265
102.25316455696202
90.42296511627907
102.03971631205674
96.7752808988764
96.24289772727273
89.34302325581395
92.04694167852062
91.24962852897474
91.48093841642229
115.56756756756756
90.72340425531915
95.11621233859397
98.52118644067797
89.38014184397163
99.84172661870504
85.77810218978102
95.07142857142857
95.95792426367461
97.95791001451379
90.7406876790831
91.42613636363636
94.61386138613861
92.74281609195403
91.72587412587413
93.32157968970381
100.38428571428571
87.92571428571429
102.12230215827338
94.14265129682997
93.18181818181819
92.97054491899853
92.38992805755396
95.96576319543509
90.97997138769671
96.59312320916905
94.85470085470085
99.7682584269663
88.57163323782235
97.3225352112676
95.77553956834532
93.08683473389355
90.27525622254758
103.83644189383071
92.50847457627118
92.52542372881356
96.10818307905687
88.20341394025604
96.66104078762307
96.18528995756718
100.62127659574467
93.63876651982379
100.265625
91.23504867872045
84.44169096209913
89.58
88.4121915820029
87.26715328467154
99.92816091954023
104.32336182336182
99.90368271954674
92.61661807580175
108.08757062146893
98.41335227272727
99.9066091954023
105.44332855093256
105.4564606741573
87.80567375886525
