379.8773764258555
316.18696069031637
329.0229445506692
263.4866666666667
244.9670122525919
329.71576959395657
314.1279397930386
273.30857142857144
279.60169491525426
253.0664767331434
335.29466791393827
315.77682811016143
305.0768491834774
329.8289224952741
263.66222645099907
339.38483965014575
246.47542533081287
291.1412213740458
276.36720997123683
375.4467483506126
213.2904135338346
265.7229268292683
336.4429400386847
300.20172910662825
256.67110266159693
322.50527325023967
271.1713747645951
313.21308411214955
274.86171213546567
252.52264150943395
287.35394862036156
303.9546332046332
272.2168099331423
271.33460803059273
323.61015325670496
252.24362606232296
335.8620361560419
290.31698113207545
234.10744580584355
327.27385496183206
272.52516619183285
275.8824082784572
237.6242774566474
248.33861940298507
300.6954459203036
344.756679389313
233.88161693936476
241.37439846005776
262.27934044616876
304.9206500956023
265.83892617449663
243.73644148430066
278.37511606313836
303.99902248289345
335.9790874524715
259.37198515769944
285.6094786729858
321.14299610894943
314.7096774193548
286.2118887823586
275.62141491395795
251.38402309913377
288.68142444658326
316.1913875598086
244.86806883365202
249.2138783269962
291.555879494655
338.7198480531814
247.73333333333332
297.95992366412213
228.91738712776177
237.8078393881453
326.0882638215325
236.75
279.519305019305
293.0729571984436
246.6826003824092
223.76799242424244
275.20992366412213
212.20817490494298
314.82803738317756
209.09631728045326
313.39473684210526
245.6184586108468
348.49477682811016
264.1282296650718
218.6596758817922
206.28254580520732
232.54441260744986
290.9282296650718
242.26325757575756
273.1106870229008
266.7979127134725
218.7811320754717
210.04600938967135
281.05232558139534
250.66186359269932
302.179584120983
251.43792107795957
243.13175355450238
278.6226053639847
269.4803001876173
270.99616490891657
196.0443587270974
276.1485335856197
290.4287072243346
284.1669865642994
270.6030389363723
282.1186440677966
273.0661080074488
244.1718898385565
289.0791788856305
286.0133333333333
299.0703275529865
212.1704331450094
162.7682119205298
263.9846005774783
237.87988560533842
201.49131274131275
263.402697495183
186.3873786407767
219.75455417066155
275.8847583643123
247.23574879227053
285.57944814462417
207.10693641618496
221.26673040152963
258.42762535477766
243.53020134228188
153.68991517436382
229.18984962406014
246.24569789674953
215.88161693936476
353.26153846153846
202.32791586998087
247.3361581920904
227.49810246679317
251.95619757688723
259.20435193945127
251.88058252427186
211.82313575525814
197.7492850333651
214.03386641580434
213.90209125475286
233.9411196911197
230.2389046270066
262.5671361502347
184.0855199222546
201.776007497657
289.72057416267944
252.64463601532566
234.7787037037037
297.3142311365807
247.93480345158198
161.52656546489564
247.94307400379506
243.52868068833652
246.44003777148254
206.26291079812208
230.29473684210527
294.4082217973231
240.71606118546845
208.17516843118383
236.31788079470198
267.6798866855524
221.33016175071361
267.12511938872973
265.3381364073007
278.207258834766
279.9924599434496
235.22030651340995
304.6130268199234
259.7444764649376
181.81238095238095
213.36252354048963
193.49278152069297
220.33301797540207
243.21788772597526
248.53703703703704
246.6313276026743
178.6995215311005
232.99525166191833
208.57022471910113
250.93270142180094
239.15362595419847
191.62547892720306
230.3292220113852
279.17941454202077
240.32919847328245
287.05994291151285
240.5328947368421
240.77725563909775
185.9800190294957
216.86266924564796
258.9571836346337
261.85795454545456
239.81062801932367
253.72132701421802
177.37099811676083
201.55523809523808
192.1418918918919
281.0925572519084
247.65749525616698
162.00845864661653
177.21626794258373
239.48380952380953
208.71029836381135
246.00673076923076
202.3732057416268
208.41920152091254
183.4570093457944
255.26868495742667
191.40896091515728
201.21781219748306
240.3490566037736
208.35748331744517
282.51382268827456
214.1518275538894
233.0170616113744
231.2405303030303
277.03346080305926
203.5704697986577
205.54553990610327
230.84923664122138
216.8326923076923
226.74302213666988
236.3737089201878
247.12392755004765
238.49720670391062
182.61158594491928
197.69356388088377
206.2952380952381
246.93136320305052
203.75652173913045
188.60249042145594
251.13623462630085
263.69345794392524
193.56618357487923
230.5849765258216
266.52582159624416
192.90737240075615
206.3196955280685
214.76923076923077
237.66194523135033
188.2201138519924
230.7738209817132
246.99906279287723
216.67564966313762
179.28239845261123
301.0694835680751
202.09031044214487
227.56672932330827
206.67052023121389
216.40826128722384
209.4253092293054
245.21476510067114
231.89199255121042
215.5653846153846
218.9272030651341
272.3090569561158
174.8866474543708
213.9682242990654
180.40401146131805
200.69904761904763
234.14436958614053
226.1867816091954
237.3657142857143
249.1436672967864
252.67949951876804
162.23054474708172
186.91745730550284
204.78932316491898
260.5845272206304
160.39924314096498
260.4151658767772
206.78882575757575
233.88760806916426
198.15572967678747
233.7543352601156
172.97600767754318
187.49383886255924
280.8189655172414
210.1060606060606
240.54013220018885
200.96033994334277
165.9120151371807
186.47908745247148
197.39828897338404
244.48819641170917
238.27478753541075
239.30459770114942
241.9119318181818
194.62810707456978
221.14085820895522
207.20343839541547
210.97625830959166
231.60799238820172
226.15996168582376
234.19436345966957
156.24524714828897
287.21925643469973
176.8755846585594
219.83011583011583
240.05037313432837
234.15028901734104
251.58373205741626
161.22243346007605
225.58481724461106
198.3276836158192
202.5108798486282
182.63162790697675
190.66729323308272
165.0911708253359
186.18233082706766
208.76258309591643
251.24015369836695
175.65271170313986
226.89014084507042
180.29793233082708
201.53457943925233
243.09013282732448
223.01149425287358
201.8705656759348
155.79333333333332
177.340206185567
177.76660341555979
166.04238921001928
224.4579792256846
194.98949379178606
227.03564547206165
212.57904761904763
250.97134670487105
213.28217349857007
191.29608404966572
221.11434108527132
204.16119962511715
262.6406396989652
176.4740810556079
225.87099811676083
138.81057692307692
230.19401544401543
161.42925430210326
245.10207939508507
239.65271170313986
265.9337877312561
223.5398655139289
196.87901701323253
173.00187969924812
190.03664416586307
226.9494756911344
239.45261121856868
211.08380952380952
234.80490103675777
161.42583732057417
167.22787193973636
233.09456928838952
228.64038461538462
208.11311787072242
173.2865275142315
176.66792809839168
211.52812202097235
176.1537744641193
218.3716153127918
255.1307619943556
179.63601161665053
203.65943396226416
212.50950570342206
202.74952741020795
222.5084745762712
196.66989351403677
190.05808325266216
182.90018832391715
231.41148325358853
162.42374517374517
190.75728155339806
185.40116279069767
142.60806916426512
198.10667903525047
211.4009523809524
216.26724137931035
206.29019980970503
200.13097514340345
216.5254716981132
196.6522148916117
221.9765037593985
173.34923664122138
225.72537878787878
194.93238095238095
182.26037735849056
163.66729678638941
204.43820224719101
181.83093179634966
156.7485380116959
189.89952606635072
214.03601895734596
229.2831094049904
154.22571428571428
183.27627906976744
242.01129943502823
157.33048433048432
165.81184336198663
241.15004659832246
214.01921229586935
182.9790476190476
213.05449330783938
179.48371647509578
166.16162570888469
191.9360902255639
155.66478342749528
199.7806763285024
152.76091081593927
191.95980392156864
184.13508442776737
225.6451923076923
223.84790874524714
190.67381174277725
212.3969465648855
268.3826923076923
219.86129970902036
229.3066538090646
183.1387283236994
169.92502343017807
185.7956064947469
191.8619691119691
217.92701421800948
163.72286821705427
173.325
170.81073446327684
240.43930635838151
169.0700575815739
175.25377358490567
174.96135265700482
155.35188679245283
222.40535372848947
191.09922928709057
166.87250237868696
217.34134615384616
176.76313276026744
182.21206409048068
169.34629981024668
168.1210676835081
149.9157196969697
207.38761904761904
192.7438330170778
170.78537054860442
208.47198480531813
198.27306967984933
186.49478672985782
157.7979127134725
197.66635338345864
256.6823416506718
157.3947119924457
186.2092803030303
196.64473684210526
140.04705882352943
176.43597262952102
136.37901701323253
208.88095238095238
159.6293103448276
143.4468899521531
199.74582560296847
203.56603773584905
157.739336492891
172.88280499519692
160.22412155745488
196.1707779886148
164.46080305927342
217.55068226120858
179.0530805687204
161.5090390104662
172.6908396946565
212.7710280373832
147.31214421252372
148.4509056244042
150.38761904761904
170.55587392550143
180.07897240723122
176.62394761459308
152.91961722488037
139.42555235350625
162.37333333333333
160.56048014773776
178.93365384615385
199.6437440305635
179.274694261524
155.0114722753346
151.11808809746955
233.54255319148936
174.41954022988506
207.94584500466854
223.94634146341463
165.34799235181643
153.69383886255923
166.233238904627
128.08038277511963
207.57622243528283
159.72344497607656
223.73572120038722
160.64306220095693
185.8225352112676
149.79479768786126
177.57387988560535
203.13289349670123
231.83156881616938
222.02450518378888
160.30576923076924
205.4546322827125
160.92351274787535
180.71374764595103
195.82085308056872
230.97411313518697
162.5587958607714
153.47830188679245
199.68198874296436
157.91212989493792
179.62966417910448
126.65271170313987
187.07272727272726
162.12391930835736
235.43809523809523
158.9459980713597
174.5389733840304
199.7598086124402
172.1969260326609
186.0046992481203
158.5023832221163
153.00761904761904
153.8815028901734
160.16211121583413
180.89638783269962
209.46919431279622
172.26852743022135
219.54509803921567
164.11174785100286
196.47070124879923
148.7134724857685
174.03787878787878
152.90553435114504
147.63757115749524
185.36711281070745
146.30547550432277
166.60927152317882
208.85028790786947
216.41611374407583
224.38548539114043
210.40057361376674
213.48253068932956
161.06285714285715
214.05859750240154
197.98440545808967
155.75046728971964
154.6437440305635
242.14245548266166
169.14675446848543
184.4721153846154
145.827718960539
163.3687203791469
210.09254013220018
242.42644320297953
237.05070422535212
165.58823529411765
133.95501405810685
153.1996215704825
176.9744318181818
164.34519230769232
185.29198473282443
191.83333333333334
141.25
248.71100478468898
202.11217641418983
140.2057142857143
211.39980824544583
199.67738883632924
226.64744801512288
162.9356669820246
196.66350710900474
148.27316602316603
188.62878787878788
150.42289498580888
146.1689189189189
198.23258003766477
183.95951035781545
198.813383600377
213.85368217054264
149.54190476190476
187.76509433962264
158.26743075453678
208.41500474833808
196.2056530214425
154.31544256120526
134.73207547169812
209.55419415645616
155.04056603773586
154.56190476190477
175.41557223264542
205.79961464354528
153.5244019138756
163.7513914656772
189.46975425330814
159.78071833648394
163.75898931000972
161.8582449373192
181.58901515151516
176.8167141500475
178.00858778625954
171.49665071770335
173.66285714285715
162.6940726577438
169.2708133971292
152.90544412607449
205.93862134088764
148.93270142180094
208.7782139352306
159.91046182846372
197.23450905624404
132.52572497661365
199.06001936108422
197.31161473087818
170.01037735849056
174.8181818181818
165.7490458015267
197.95004712535345
135.57280617164898
178.15009560229444
191.90494296577947
141.82075471698113
168.941960038059
139.38904899135446
179.1613832853026
154.85009487666034
149.0732635585157
221.17533718689788
173.74836295603367
138.0903846153846
211.4716073147257
176.34263715110683
169.79710144927537
181.15326395458845
163.9802445907808
148.95506692160612
155.65391969407267
114.77444336882866
173.13039309683606
181.63228271251194
120.26224783861672
167.774594078319
184.93126815101647
115.17270992366412
126.84154589371981
119.61973180076629
134.9742857142857
126.94202898550725
124.57033492822967
118.8642447418738
121.13680154142583
173.02044609665427
191.6091846298032
135.3786046511628
117.1271676300578
109.31214421252372
165.60840496657116
123.09169884169884
160.83505154639175
120.91013384321224
135.5043394406943
166.46513849092645
184.52716873212583
177.22928709055876
123.04331450094162
112.91283524904215
131.3781512605042
134.40900195694715
122.11764705882354
123.74378585086042
116.28897338403041
118.6698382492864
170.8498583569405
115.69345794392524
120.86079545454545
126.9504761904762
139.58104265402844
107.73892100192678
172.87345385347288
136.57855126999058
129.12940057088488
125.38755980861244
111.4733395696913
109.72354623450906
133.47958214624882
120.90690978886757
147.87890255439925
167.55984555984557
125.82313575525812
134.23568702290078
165.6120527306968
124.98583569405099
184.1830443159923
108.29768786127168
110.1956106870229
111.99322362052276
119.9187866927593
117.82307692307693
114.97041984732824
131.4713615023474
120.03782735208536
109.78496669838249
135.15077821011673
130.0803738317757
128.31568816169394
107.35199240986718
110.94646271510516
128.54114230396902
114.70388349514563
122.90986717267552
139.0901246404602
124.71757925072046
115.00291545189505
125.62287334593573
119.28985507246377
125.13276026743075
107.14783427495291
111.81364073006725
148.19278252611585
131.34421641791045
119.96641074856046
119.13786591123701
128.38910505836577
107.04600938967135
130.42080152671755
123.69066147859922
175.31735378715246
138.71606118546845
134.89377990430623
127.03675777568331
126.48347497639283
120.10821256038648
116.92897196261683
185.7177570093458
112.13559322033899
117.87440076701822
118.34885931558935
123.06179775280899
169.79013539651837
148.18500948766604
183.73352435530086
107.39729990356798
117.16763005780346
122.08815165876777
119.29479768786128
118.55629139072848
186.96952380952382
117.84851390220518
114.47429679922405
141.3187440532826
122.50603528319405
120.06603773584905
162.30732177263968
116.02242990654206
114.54242135367016
189.03923444976076
127.23601895734598
126.84896810506567
122.86037735849057
113.66130558183538
112.23818707810993
126.58114674441205
129.34097421203438
130.7687203791469
110.2451923076923
129.6535508637236
111.13080568720379
139.3048433048433
123.74358974358974
125.39265536723164
124.51869606903163
124.59943449575871
132.4126534466478
120.09031044214487
145.94957183634634
133.13796384395815
105.85019083969466
158.48325358851676
135.71698113207546
119.25425330812854
112.0276717557252
161.05582761998042
125.36587677725119
160.56883365200764
122.56492248062015
127.76095238095238
119.59138755980861
112.8848715509039
124.84045584045585
135.2847619047619
118.46597353497164
122.86206896551724
200.12918660287082
115.0609756097561
124.3404050144648
119.44037558685446
