192.67191977077363
197.89772727272728
274.57410071942445
159.09957924263674
159.25979680696662
160.45827439886847
173.9029535864979
200.79887482419127
222.30196629213484
275.94691535150645
258.50814814814817
234.4949928469242
165.1882183908046
139.5084985835694
257.7144906743185
192.22784810126583
219.15121255349501
227.57742402315486
197.1884892086331
203.46991404011462
180.7317415730337
173.787023977433
157.94117647058823
122.83026874115983
225.12962962962962
203.71181556195967
137.1882183908046
182.6942857142857
174.90057636887607
178.8224431818182
146.30735930735932
124.39450867052022
189.60142857142858
144.93409742120343
168.78088235294118
210.96397694524495
173.0331491712707
188.66241134751772
176.4950495049505
187.15647226173542
123.76780626780626
321.8898426323319
118.2684659090909
126.33614627285513
259.01714285714286
123.99714693295293
180.46317280453258
165.5021459227468
216.31549295774647
186.56752873563218
143.26724137931035
108.4863309352518
199.3515850144092
189.8601997146933
146.45698166431595
167.24074074074073
197.29859154929576
198.5172910662824
189.37026239067055
140.44900849858357
165.6057142857143
165.19148936170214
135.3548387096774
120.39606741573034
120.04985754985755
171.23186344238977
147.0934449093445
162.6834030683403
132.25837988826817
163.07475317348377
141.96005706134093
126.0592485549133
123.171875
120.0925925925926
144.15285714285713
163.3271954674221
185.58022922636104
133.42998585572843
167.39161849710982
144.9317211948791
149.7093023255814
110.48583569405099
119.88714285714286
142.34757834757835
138.3148148148148
158.1342857142857
172.9025787965616
204.23971631205674
186.7704678362573
161.71813031161474
121.3328530259366
123.43159379407616
140.015625
147.4724186704385
130.4247159090909
129.84726224783861
121.98538011695906
120.20224719101124
136.89695210449926
179.55128205128204
131.0184659090909
136.92242595204513
165.52662721893492
128.8683834048641
148.22286541244574
186.29310344827587
112.611030478955
189.7130681818182
117.80835734870317
124.58944281524927
141.41477272727272
120.48028169014084
134.59598853868195
106.28591954022988
98.13371266002845
179.48373408769447
134.75035460992908
173.6558073654391
132.93009985734665
129.14545454545456
120.41226818830242
174.76115107913668
116.5925925925926
99.99001426533523
173.03438395415472
124.12729844413013
131.26129943502823
168.14710042432816
137.85955056179776
126.84202898550724
113.98899587345254
113.75324675324676
155.95874822190612
144.77350427350427
126.29986052998605
139.1281296023564
176.72135785007072
152.78530259365994
121.39943741209564
113.32602339181287
115.54507042253522
106.06119610570236
112.72142857142858
109.54915730337079
118.59084406294707
99.02593659942363
146.9597122302158
104.91048951048951
114.03443328550932
117.62196861626248
134.27062228654125
121.4590395480226
129.29261363636363
109.46067415730337
122.05331412103746
113.41917024320458
135.01294964028776
110.10359712230216
128.89525139664804
131.01002865329514
118.29799426934098
118.21988795518207
138.6545718432511
121.83870967741936
160.19944211994422
123.33709449929478
125.9669540229885
101.60606060606061
97.34084507042253
101.72355430183357
103.24563953488372
103.3005698005698
101.98419540229885
103.48017621145374
102.26224783861672
93.48350071736012
130.25396825396825
105.20906432748538
111.11554921540656
110.1025641025641
109.83682008368201
105.30603448275862
134.46704871060172
101.322206095791
110.18851251840942
121.09885386819484
100.53856942496493
109.54172560113155
99.27906976744185
115.39044943820225
105.57042253521126
132.2258064516129
106.74645892351275
127.0968660968661
117.08806818181819
105.6923076923077
102.8954802259887
130.73684210526315
132.39662447257385
118.0993006993007
102.01997146932953
111.8874269005848
111.38439306358381
104.32267037552155
118.21652421652422
109.0963503649635
115.7307132459971
99.75106685633001
109.5
98.27391304347826
117.4231311706629
112.45283018867924
132.0376811594203
104.74674384949348
109.7510729613734
97.69857142857143
118.91845493562232
116.37463976945244
95.7536231884058
105.002849002849
101.47017045454545
101.687675070028
114.56302521008404
104.15
93.7507204610951
105.32902298850574
115.99855282199711
137.054441260745
101.2290184921764
90.77809798270893
98.0131195335277
96.19236209335219
100.6987087517934
98.12711864406779
110.7733918128655
98.71164772727273
115.33189033189034
116.99140401146131
93.60087082728592
106.96892655367232
108.32909604519774
100.79509379509379
130.69718309859155
96.30583214793741
101.26300984528832
93.6276150627615
88.74751773049645
155.04815864022663
98.2080344332855
104.32051282051282
88.48766328011611
86.30359712230216
87.99426111908178
93.7406876790831
88.38664812239222
84.81205164992826
88.69384835479256
86.95961002785515
84.41958041958041
90.28288543140029
95.92307692307692
101.02167630057804
92.65267727930535
95.20857142857143
87.9543509272468
100.56
93.65472779369628
86.59169054441261
86.96213183730715
82.22836879432624
91.6647564469914
91.28737300435414
85.21745350500716
105.85714285714286
89.34643377001456
91.5049365303244
107.34676258992806
89.66233766233766
84.9583931133429
85.48057553956835
106.12191582002903
88.70815450643777
86.13469985358712
87.92131616595135
88.5036075036075
90.69057665260198
89.78879310344827
81.73254086181278
84.68282548476455
86.28260869565217
92.19400855920114
92.16571428571429
88.34379457917261
88.84900284900284
89.75542691751086
92.91833810888252
87.84865629420085
87.32959326788219
86.57692307692308
103.27140783744558
87.92700729927007
90.26129943502825
92.23198847262248
103.41374474053296
89.00983146067416
89.46666666666667
85.31223021582734
88.14747191011236
87.24816446402349
83.09855072463768
87.69736842105263
90.35497835497836
89.16571428571429
88.30659025787966
87.42028985507247
92.84248554913295
85.55307262569832
84.08670520231213
89.5487106017192
86.50560224089637
93.91971830985915
86.13758865248226
89.66573426573427
90.65092989985693
87.41018387553041
97.51884057971014
92.53438395415473
86.95926966292134
91.15504978662874
86.1114245416079
89.42958748221906
92.74084919472914
88.36039886039886
87.54
86.79803646563815
84.46251768033946
84.38061797752809
92.34696755994358
91.5412445730825
80.20056497175142
91.3309659090909
92.22270114942529
107.68359941944847
87.80369843527738
95.45307917888563
92.80057388809182
86.9915611814346
84.82209469153516
88.31
84.06590257879657
89.7919655667145
84.45428156748912
88.09208633093525
95.40084985835693
90.93049645390072
87.93741307371349
86.47919655667145
87.47869318181819
88.7645390070922
81.5050505050505
93.14367816091954
97.83380681818181
98.60851063829787
85.41404011461319
88.32080924855491
92.18323863636364
87.01024890190337
85.61200585651537
86.12394366197184
97.95955369595536
91.77510608203677
99.1938202247191
95.54285714285714
86.1778093883357
98.39507959479016
87.4876989869754
86.63649425287356
86.30547550432277
84.49359886201991
86.48559077809799
91.12680115273776
92.42815674891146
89.26734104046243
91.50929899856939
98.53380281690141
91.3943661971831
86.09237536656892
91.42028985507247
84.2354609929078
101.72214386459802
91.42754662840746
94.36752136752136
87.72222222222223
91.35958395245171
88.7475035663338
93.15720524017468
95.40398293029872
87.68142857142857
83.48766328011611
81.14788732394366
92.46187050359713
92.30070921985816
92.67364016736401
86.64788732394366
85.66908563134979
83.1399416909621
90.31714285714285
92.42959770114942
84.85816618911174
88.47750362844702
95.27246790299571
91.2485549132948
109.41751824817518
91.58865248226951
93.17196531791907
106.91714285714286
89.1951219512195
83.19322990126939
86.25287356321839
83.8056338028169
90.22804532577904
85.00430416068866
85.79565217391304
90.19263456090651
90.39680232558139
85.03698435277383
94.53661971830986
93.77888730385165
88.64814814814815
85.4756446991404
88.26857142857143
89.40756302521008
87.2943722943723
99.13450292397661
103.40934844192634
84.73305084745763
91.82853025936599
96.79797979797979
86.87896253602305
84.98988439306359
92.50569800569801
90.42446043165468
86.91737891737891
88.74074074074075
89.40469613259668
93.46599131693198
96.26190476190476
87.83522727272727
84.92340425531916
84.49350649350649
91.80594900849859
83.58857142857143
86.17612809315867
93.88649425287356
93.52482269503547
92.56837606837607
84.53979739507959
103.01424501424502
82.4848046309696
82.69164265129683
87.86552217453504
93.01137980085349
106.15116279069767
88.91159420289856
86.17296511627907
86.99416909620992
95.86103151862464
99.33707865168539
91.82197496522949
84.79663394109397
94.92385057471265
91.30520393811533
92.76224783861672
86.41463414634147
90.42411347517731
84.8433382137628
84.31123919308358
88.74747474747475
88.3186968838527
81.48514851485149
87.4376811594203
88.18168604651163
94.49858757062147
91.21139430284857
88.36812411847673
89.81818181818181
84.77872340425532
87.82902298850574
84.82633863965268
82.82028985507246
94.8023088023088
89.68352601156069
105.15677966101696
92.97025495750708
87.70113314447592
85.86147186147186
85.34522111269615
84.24225352112676
80.99855282199711
85.47529069767442
