428.9332386363636
452.49002849002846
294.172268907563
272.3762376237624
330.50935251798563
270.69496402877695
281.21181556195967
335.10791366906477
262.12391930835736
304.0362622036262
341.1517341040462
183.46883852691218
295.77559607293125
337.32661870503597
287.64080459770116
266.7057991513437
313.97163120567376
245.72988505747125
257.40141843971634
299.7110157367668
326.0667613636364
242.54232424677187
288.95093795093794
261.9062937062937
337.1055634807418
206.32954545454547
216.67659574468084
253.8
244.90882778581766
233.93162393162393
323.9046941678521
251.02008608321378
241.20457796852648
152.3505747126437
246.45007235890014
277.0919540229885
192.0201438848921
238.8593974175036
237.8181818181818
199.85530085959886
213.88712011577425
229.70537010159651
150.85390070921986
196.60806916426512
207.8364418938307
239.8931082981716
219.60173160173161
217.18840579710144
208.64922206506364
264.403156384505
186.0906474820144
251.20803443328552
306.03751803751805
235.3233190271817
271.3779069767442
173.53901734104045
244.6271186440678
252.45991561181435
196.30289855072465
186.75516224188792
350.35209235209237
184.4812680115274
190.5184659090909
165.90550070521863
243.26142857142858
242.04564315352698
172.2957142857143
175.41525423728814
208.83661971830986
167.58815028901734
222.82496413199425
208.5653409090909
200.7404255319149
159.40934844192634
131.92040520984082
208.6345609065156
202.09563994374122
178.54744525547446
195.90368271954674
146.97857142857143
171.6704871060172
255.93016759776538
147.91260744985672
174.23032904148783
151.95204513399153
223.4580369843528
223.57725947521865
180.20803443328552
127.72779369627507
167.69340974212034
154.5107913669065
130.40086206896552
164.0169014084507
194.78787878787878
121.84670487106017
182.71305595408896
158.86237188872622
145.07747489239597
206.69710144927535
178.25669957686884
234.28958630527816
156.10526315789474
156.3787234042553
146.80878186968837
180.005657708628
209.9111424541608
125.30813124108417
148.7560975609756
133.79360465116278
205.20792079207922
105.93323863636364
169.4780701754386
160.55586987270155
177.14583333333334
132.7015781922525
142.65417867435158
151.23579545454547
139.5410071942446
144.24709302325581
109.45857142857143
173.62889518413598
140.59030837004406
128.87252124645892
123.18859649122807
181.67676767676767
123.82285714285715
139.06591865357643
123.99007092198582
173.48235294117646
120.2298682284041
135.43686502177067
107.47994269340974
158.54662840746053
125.20416666666667
131.11079545454547
118.92550143266476
113.52616690240453
128.4366998577525
146.37940761636108
141.67418899858956
186.64830508474577
123.73919308357348
123.96516690856313
133.5561877667141
161.20679886685554
143.68142857142857
123.88936170212766
118.61538461538461
137.33095577746076
130.86305278174038
132.80372492836676
132.0
139.79685264663806
162.6206896551724
149.5734664764622
121.60396039603961
130.0255681818182
138.1778093883357
116.71308016877637
156.03098591549295
207.543661971831
118.92672413793103
168.02832861189802
125.94059405940594
101.34964028776979
117.64492753623189
115.82951289398281
107.60912981455064
106.99007092198582
137.12642045454547
142.3366058906031
94.38040345821325
118.4336661911555
198.28571428571428
135.15189873417722
138.60944206008583
111.18794835007174
173.85365853658536
179.90817790530846
158.91910739191073
211.07275320970044
164.03304597701148
107.98863636363636
205.00554016620498
117.80116110304789
131.97994269340975
124.51744186046511
144.31293463143254
115.27042253521127
116.84195804195804
103.24074074074075
133.98421807747488
170.44866385372714
104.99717514124293
122.18343195266272
150.62807525325616
128.5211678832117
153.5740223463687
127.16091954022988
89.03361344537815
104.97067448680352
144.79626972740314
103.38538681948424
119.0
144.52846715328468
109.62299854439593
128.91396332863187
131.95486600846263
145.10481586402267
110.93960674157303
118.52592592592593
121.94957983193277
123.85613540197461
164.54834254143645
106.9531914893617
135.71489971346705
116.05603448275862
119.77068214804063
133.45269286754004
130.28818443804033
114.70128022759602
128.3384831460674
114.61450924608819
116.42014388489208
151.01560283687942
96.1049645390071
128.62680115273776
106.0436046511628
132.08205841446454
97.31267605633803
96.82244318181819
107.64935064935065
105.25884016973126
97.37956204379562
107.32162921348315
101.31739130434782
121.62926136363636
118.52482269503547
100.28429985855729
138.36690647482015
111.2718309859155
97.9928469241774
148.32208157524613
133.83857142857144
112.38760806916426
139.49789029535864
95.17226277372262
134.59601706970128
119.79022988505747
93.21418439716312
90.36312849162012
87.97398843930635
88.73516642547034
86.02439024390245
90.66620111731844
88.63700564971751
83.81428571428572
85.20659971305595
85.07142857142857
74.84682080924856
88.5864553314121
91.78602620087337
86.16714285714286
81.74964234620887
88.09571428571428
83.1404255319149
82.05248226950354
95.17672413793103
87.61692969870874
76.9063829787234
81.61931818181819
147.47666195190948
96.47435897435898
111.80141843971631
86.16786226685797
89.06160458452722
128.6458036984353
81.40256045519203
79.95714285714286
81.45338983050847
140.33005617977528
86.30246020260492
87.56340057636888
86.95299145299145
94.43140028288543
97.58477011494253
87.94668587896254
82.80818053596614
83.42836676217765
76.63404255319149
94.00141242937853
92.6344238975818
92.1055634807418
82.61248185776488
79.3231884057971
86.71898355754858
81.45671641791044
88.74314574314575
98.12005649717514
85.41538461538461
88.07122905027933
91.17862371888727
101.35090152565881
84.32127351664255
92.64265129682997
108.68299711815563
109.25174825174825
86.7985815602837
85.1297071129707
79.25829725829726
95.77492877492878
97.149377593361
97.69714285714285
86.75466284074605
85.84782608695652
112.36849507735583
92.55007052186178
79.00728862973762
78.50773558368495
78.8751793400287
82.17030567685589
84.97714285714285
91.23033707865169
80.82521489971347
82.45803698435277
83.10599721059972
85.3
80.6425470332851
84.98870056497175
76.76327116212339
86.92630057803468
85.52204836415363
88.27644569816643
88.75545851528385
91.88825214899714
89.30185979971388
79.43867243867244
90.00702247191012
82.37464387464388
79.01815642458101
91.59712230215827
89.77985611510792
90.24466571834994
141.18492176386914
82.96829971181556
83.66666666666667
82.69496402877698
93.70630372492836
81.94364161849711
95.92496392496392
89.97475455820476
92.86063218390805
140.98293029871977
94.26977401129943
97.37965616045845
89.16835994194484
90.70850767085076
82.25280898876404
89.24891461649783
76.78323699421965
94.12714285714286
90.56565656565657
88.93741109530583
88.432664756447
91.68804664723032
85.41606886657102
91.73082489146165
82.16231884057972
88.97222222222223
105.7485632183908
90.65248226950355
87.56595744680851
91.79526462395543
86.7231884057971
80.06376811594203
88.26798307475318
88.87891737891738
119.93352192362093
83.61450924608819
84.81205164992826
87.22612359550561
94.58041958041959
87.73728813559322
83.63675213675214
85.43385490753911
85.06456241032998
89.79310344827586
80.41452991452991
80.74605451936873
78.5966149506347
87.88395415472779
89.21212121212122
90.00858369098712
95.55119214586256
84.60759493670886
122.22270114942529
85.66285714285715
83.54907539118065
98.14693295292439
82.87412587412588
92.8795518207283
90.30337078651685
89.04005722460658
96.12244897959184
107.0014245014245
91.76040172166428
85.3136690647482
84.1688500727802
81.06107954545455
83.5940594059406
89.32763532763532
89.13081395348837
88.16713483146067
91.42428571428572
81.03357664233576
90.66618497109826
80.45547445255474
94.67732962447845
88.73609129814551
91.52608695652174
85.04782608695652
88.33238636363636
154.7432239657632
79.23830409356725
85.41398601398602
106.36968838526913
92.79053084648494
77.69296987087517
93.62142857142857
80.16402877697841
111.60693641618496
93.44508670520231
82.9460641399417
83.77668539325843
85.87359550561797
86.38054363376251
85.19081779053084
85.4160789844852
82.00143472022955
80.74053295932679
89.81623931623932
112.75960170697013
105.45730824891461
113.18284106891701
84.98148148148148
87.03840682788051
83.58567415730337
82.24525547445255
83.40714285714286
77.70579494799405
88.74893009985735
94.79242636746143
89.42263610315186
92.7251798561151
83.18402282453637
83.16338028169014
90.41907514450867
80.78347578347578
80.56040756914119
80.3742774566474
87.50586510263929
130.9463276836158
81.71220930232558
88.90289855072464
98.48732394366198
81.9167862266858
89.26255380200861
80.95982783357245
83.1219512195122
81.16478873239437
89.25035765379113
110.57101449275362
111.6300578034682
81.77032810271041
83.0210970464135
85.83120567375886
82.00570613409415
82.19683908045977
86.8515406162465
78.53790087463557
86.664265129683
92.45007032348805
84.87517730496454
83.8381088825215
97.24606580829757
81.0621387283237
97.81418439716312
84.47
100.59116809116809
78.21509971509971
86.86875891583452
88.35857142857142
91.88040345821325
86.11554921540656
83.95125348189416
87.81241184767278
81.7294964028777
80.30668604651163
79.2873399715505
78.28818443804035
