322.725
350.74626865671644
246.69162561576354
292.7265774378585
267.5230914231857
275.5477582846004
244.68738049713193
344.2448015122873
320.38058252427186
277.5348837209302
296.6910490856593
351.12453183520597
354.17241379310343
311.28873917228105
264.67915465898176
304.38831291234686
287.6162464985994
288.090373280943
345.0933962264151
278.0636451301832
336.2260208926876
324.8303317535545
318.9417382999045
295.58
299.1825095057034
323.80492424242425
301.34223069590087
330.0784688995215
323.83988764044943
328.2778846153846
303.81255857544517
275.88184438040344
331.0019011406844
338.11663479923516
320.61408450704226
313.7704918032787
343.18579766536965
282.40281690140847
251.34066985645933
315.77967711301045
293.84889316650623
286.39503816793894
270.7355769230769
279.60761904761904
310.9456419868791
347.18199233716473
319.7415730337079
254.71414821944177
279.54158790170135
314.31669865642993
331.74074074074076
289.54975845410627
262.1350048216008
278.7913043478261
272.94
307.81844106463876
298.5264650283554
334.76356589147287
283.0046554934823
310.45754716981133
327.65271170313986
354.5155807365439
320.73044297832234
298.4
278.57864077669905
317.13063909774434
295.6484674329502
315.8698955365622
291.90630975143404
317.04146576663453
297.9943181818182
297.42238946378177
335.9524733268671
262.1641366223909
290.3352490421456
257.08285714285716
303.06492248062017
300.6114769520226
327.9444976076555
317.73540489642187
327.27402473834445
244.51471984805318
323.6100569259962
267.95368620037806
266.059686888454
314.1190253045923
306.493320610687
301.043893129771
290.8498062015504
262.87786259541986
270.59384023099136
299.62439024390244
337.1262959472196
251.37667304015295
230.79142857142858
315.4207492795389
252.75924170616113
237.06327900287633
290.38271604938274
307.47041984732823
273.7063339731286
251.338081671415
273.9431818181818
324.43361188486534
281.3629417382999
273.5670789724072
274.7088122605364
289.2742695570217
234.89668246445498
253.55162523900574
268.86148007590134
293.7236714975845
288.44943820224717
295.7990476190476
276.09952606635073
249.4740810556079
272.3439000960615
288.9632768361582
313.3378378378378
184.29394812680115
284.2538167938931
262.91337824831567
308.955938697318
240.58874045801528
301.0215759849906
261.0124164278892
280.6616113744076
241.5553416746872
260.19507575757575
318.59769008662175
286.9757236227824
263.5627996164909
218.28626692456479
293.14885496183206
239.99810066476732
272.31109022556393
231.03533906399235
291.5500963391137
245.00095877277084
293.48960302457465
206.97248576850095
228.87152444870566
265.94736842105266
266.53163361661944
289.87904761904764
239.30056710775048
278.4017013232514
284.30732635585156
253.48878504672896
279.1992337164751
239.85391140433552
274.8503861003861
293.06813819577735
281.35367016205913
287.7990476190476
255.87677725118485
246.93959731543623
279.3090737240076
241.10430622009568
265.55149181905676
284.00282485875704
285.39941972920695
242.65047619047618
231.07779886148006
242.50289575289574
274.2912713472486
265.1319509896324
266.47740112994353
272.36672967863893
254.2711703139867
264.4097087378641
222.0255439924314
250.93083573487033
302.37617260787994
287.9321705426357
223.78694817658348
244.4932821497121
209.9076343072573
253.94661582459486
280.5652591170825
238.48334919124642
230.1296992481203
270.92054263565893
240.53301886792454
257.2968164794008
241.87265917602997
247.00283018867924
237.20577281191805
234.28285714285715
225.29714285714286
247.34553990610328
279.8740310077519
265.0978886756238
259.72543352601156
252.81344696969697
236.83505154639175
278.13676042677014
247.29254302103251
245.38285714285715
252.55353728489484
249.46033300685602
282.67590822179733
263.8183574879227
195.26743075453678
240.17035611164582
269.68552253116013
267.21760154738877
267.74598677998114
291.2725527831094
247.75430210325047
336.703007518797
238.41809523809525
258.54545454545456
224.47403210576016
253.67928098391675
234.42897998093423
251.84069097888676
260.1368821292776
274.3780718336484
246.70532319391634
247.50824442289039
254.044901777362
264.7919847328244
244.39635316698656
266.9649289099526
278.5586011342155
213.91507633587787
223.91125954198472
258.5918173168411
216.73102785782902
265.3377990430622
228.1616358325219
282.5510983763133
205.50959692898272
206.86272640610105
277.8555240793201
261.65304182509504
225.1844380403458
221.5928369462771
233.76628352490422
270.13434247871334
259.76335877862596
248.1844843897824
227.28254580520732
253.61262959472197
254.4265402843602
265.55555555555554
234.12038834951457
246.49253731343285
280.23142050799623
234.78071833648394
240.99811142587347
241.60744985673352
254.8857421875
261.7606177606178
247.5014245014245
231.30459231490158
234.9335232668566
257.18155893536124
268.74049429657794
192.86626746506985
265.1639962299717
222.22118088097469
210.85454545454544
254.6156824782188
236.25094696969697
228.4542910447761
264.13145539906105
252.75858778625954
241.8047169811321
215.22966507177034
227.99137104506232
209.55555555555554
270.53954802259886
270.85659287776707
175.08490566037736
275.97292069632493
209.0177570093458
282.2199052132701
230.7544684854186
266.66985645933016
242.64593301435406
239.37894736842105
263.30263157894734
221.28787878787878
205.76154571159285
263.1915492957746
206.0133460438513
225.65
251.2552380952381
229.3844660194175
231.6156015037594
257.9367327667611
259.5190476190476
254.89980916030535
212.66152362584378
232.01709401709402
188.33777354900096
218.39733840304183
233.7724268177526
215.96418199419168
253.63454198473283
222.96682464454977
241.1531954887218
234.16555661274975
241.30679611650484
206.5165876777251
266.4938271604938
263.3897824030274
256.6992263056093
228.87093690248565
249.0474383301708
226.9781576448243
244.20992366412213
266.14299332697806
232.61531190926277
257.58126195028683
214.7015065913371
243.1617933723197
258.9608404966571
249.26295947219603
227.82308420056765
200.31519699812384
220.89413988657844
251.4287072243346
224.07190160832545
258.3894230769231
230.1070745697897
250.1530516431925
210.11331444759207
245.85660018993352
241.96292775665398
201.98963242224318
240.55924170616115
240.41603053435114
215.79448144624166
244.38190476190476
254.8381395348837
271.3067307692308
254.67374517374517
252.88041431261772
205.7767175572519
199.79788257940328
215.17843511450383
219.31822474032106
184.36821705426357
227.33333333333334
218.21286660359507
222.2298311444653
216.95292987512008
221.8927203065134
237.12735849056602
251.18921475875118
231.90985915492956
205.28584905660378
225.595949855352
249.91744840525328
232.7469310670444
240.82375117813385
228.7332089552239
222.59399224806202
195.3352657004831
203.8762088974855
195.44252873563218
191.79492003762934
226.97716460513797
230.80555555555554
193.926944971537
190.13809523809525
265.74269557021677
234.6229971724788
210.44254510921178
207.27530747398296
205.6257253384913
234.34971644612477
194.87272727272727
257.73754789272033
233.09022556390977
211.04588910133845
179.58076923076922
262.3818011257036
251.02952029520296
249.62209302325581
223.2840909090909
250.32608695652175
214.7221693625119
216.91563981042654
253.32258064516128
254.70275403608736
200.5920542635659
245.2177570093458
223.49859418931584
213.9934210526316
222.56429942418427
209.0587668593449
250.78341463414634
226.58637236084454
198.73226111636708
226.0084666039511
204.82291666666666
167.2820754716981
175.996261682243
218.42248062015503
170.43075453677173
153.24809885931558
185.4388422035481
160.49236641221373
227.10933081998115
153.45833333333334
145.09622641509435
189.55428571428573
176.5678776290631
169.23641563393707
231.55179090029043
164.30337078651687
166.1818181818182
177.68431183830606
180.5673892554194
152.9670861568248
194.50428979980933
156.73600746268656
164.88095238095238
188.41076487252124
151.4616113744076
170.0152380952381
157.30518234165066
171.55185537583253
161.9952380952381
175.88751191611058
213.146110056926
126.74903846153846
227.47053231939162
151.1903846153846
161.12666666666667
176.40226628895184
233.20443587270975
176.38836772983115
149.373679154659
223.30849056603773
170.75815738963533
159.3548076923077
197.78482228626322
154.97460018814675
154.27177033492822
181.8582375478927
172.325404376784
188.81397544853635
131.62200956937798
181.0621414913958
181.33973128598848
172.271568627451
168.28611898016996
218.53250478011472
199.2824644549763
190.33911368015416
170.9277566539924
230.82115384615383
172.53686200378073
170.66571428571427
136.00189573459716
189.78840579710146
207.6499517839923
223.92987512007684
152.37868696479543
165.8426013195099
211.92680608365018
194.49204864359214
241.1551891367604
165.44307400379506
165.64488636363637
142.41674595623215
211.78842504743832
167.1883365200765
128.90634146341463
162.67376573088092
178.13212927756655
180.5734597156398
231.7
144.07257304429783
157.99150943396228
211.56924546322827
171.51566951566952
138.9512893982808
158.67619047619047
185.67012252591894
227.88920454545453
154.68500948766604
153.7560975609756
119.92946859903381
217.78962818003913
133.04514889529298
177.10676835081028
166.37656099903938
162.8635496183206
151.95841209829868
231.54277566539923
132.01061776061775
134.59865255052935
162.19234449760765
194.15898400752587
