297.1619318181818
248.0126404494382
241.65035971223023
261.1392405063291
266.07163323782237
280.03262411347515
303.66857142857145
301.24602026049206
211.53428571428572
301.327221438646
174.56934306569343
188.4240687679083
166.78969957081546
266.0286123032904
272.1048951048951
234.6974431818182
187.42203147353362
194.64005602240897
152.1573676680973
215.20338983050848
281.1937321937322
163.6782106782107
207.22060957910014
214.20729927007298
231.22411347517732
227.9841726618705
247.56135401974612
186.994301994302
274.376604850214
204.0014471780029
155.35714285714286
161.45791726105563
165.62377622377622
181.30527817403708
203.40320232896653
129.5682451253482
143.17378917378917
229.30084745762713
217.73055555555555
191.1671348314607
180.16379310344828
172.41931034482758
224.26533523537802
195.73980309423348
158.52380952380952
193.91923641703377
144.29714285714286
158.92826398852225
200.02292263610315
186.3249299719888
135.23285714285714
133.8994252873563
135.83
158.41260744985672
202.59718309859156
171.47619047619048
253.3624641833811
148.01131541725601
164.02802359882006
155.2059659090909
115.40687679083095
215.50805270863836
133.9789621318373
204.8271954674221
179.15700141442716
170.59712230215828
155.78
181.9614835948645
208.66526019690576
152.3142037302726
123.91594202898551
118.26404494382022
203.78805120910383
175.8293370944993
170.7106017191977
155.92052023121389
203.11412268188303
196.94412607449857
177.4259776536313
146.57464788732395
135.76162790697674
114.23870056497175
180.0586592178771
104.05547445255475
164.27659574468086
168.29799426934096
162.23198847262248
157.70056497175142
132.67988668555242
167.24074074074073
132.8340425531915
122.51216022889842
129.67528735632183
110.27849927849928
156.07503607503608
177.10281690140846
152.2020202020202
136.0056338028169
158.5236051502146
111.36766809728184
122.29041487839771
105.21652421652422
208.9378612716763
151.72727272727272
115.44460641399417
111.07971014492753
118.50139275766017
172.62952243125903
123.97835497835497
120.44
153.7065527065527
109.66040462427746
158.8273381294964
128.73512747875355
116.96769662921348
125.43398876404494
152.7622478386167
109.26863572433193
119.57243319268636
134.39
103.15864022662889
131.19828815977175
114.26713286713287
126.57393850658858
137.32825484764544
142.99132947976878
145.84149855907782
124.95170454545455
124.57991513437058
116.03212290502793
137.43623188405797
112.42485549132948
110.9915611814346
111.91470588235295
104.42263610315186
126.95210449927431
139.11
131.46043165467626
110.35135135135135
126.07648725212465
120.06703910614524
119.70850767085076
141.8
115.03646563814867
156.38968481375358
102.61549707602339
123.875173370319
116.50142857142858
160.46723646723646
143.25140449438203
139.46277372262773
116.33333333333333
151.3974540311174
112.64574616457462
99.21246458923513
133.5043103448276
111.92676056338028
115.62097902097902
115.26666666666667
115.98424068767908
116.93934911242603
115.19020979020979
118.9774964838256
139.98591549295776
114.27015558698727
123.59883720930233
102.97238372093024
154.59604519774012
112.28
165.89801699716713
116.23878437047757
127.8780487804878
103.24034334763948
119.70487106017193
106.7463768115942
118.79885877318117
115.18285714285715
103.85243553008596
120.78205128205128
135.6201438848921
113.26105563480742
95.58403361344538
109.21640735502122
122.33525179856115
102.64194008559201
101.6657060518732
122.05594405594405
146.859375
95.2439024390244
100.51635846372689
112.24649859943978
99.15895953757226
135.53284671532847
105.16381766381767
140.0641940085592
119.0014367816092
136.22585227272728
114.06214689265536
121.13817663817663
96.19
192.54166666666666
102.06116642958749
101.72953216374269
104.012912482066
91.16235632183908
114.44298245614036
117.27011494252874
101.0127659574468
106.34388489208634
108.76156069364161
121.1841726618705
117.51976573938506
108.4232424677188
117.64479315263908
116.27130681818181
99.27877947295423
111.69653179190752
137.8809869375907
135.80590717299577
127.66666666666667
96.39042089985486
98.77571428571429
155.89098837209303
97.46581196581197
99.30747126436782
102.33568406205924
94.43002915451895
132.88276836158192
104.44490934449094
117.57879656160459
96.5718309859155
113.55414908579465
126.7593659942363
100.43422913719944
111.17647058823529
150.28815977175464
107.25742574257426
132.16875871687589
95.86968838526913
95.14634146341463
101.0086455331412
99.36194563662374
105.11647727272727
107.66043165467626
102.0997150997151
99.03179190751445
102.89630681818181
87.78186968838527
113.87590187590187
94.85835694050992
85.25352112676056
94.41833810888252
86.08467153284671
87.03994293865905
86.31101813110182
85.25
83.17816091954023
83.05865522174535
80.43971631205673
82.37765205091938
96.48051948051948
87.7826725403818
86.758226037196
85.91501416430594
83.80144927536232
88.42695035460993
83.02941176470588
80.68023255813954
87.32869080779945
88.2094017094017
88.21551724137932
83.24229074889868
87.54957507082153
84.4149855907781
85.90523338048091
84.8193641618497
84.72292545710268
90.72364672364672
84.42173913043479
80.56888888888889
88.5749636098981
85.51489361702127
88.55093256814921
92.80636237897649
99.7450704225352
85.23323615160349
79.15638450502152
86.92450142450143
85.69614835948644
83.20886981402003
83.98998569384835
86.7724039829303
89.9004329004329
101.15395683453238
92.53067047075606
95.38218390804597
86.86490250696379
81.11047345767575
81.11824817518249
78.63090128755364
87.29985443959244
93.94217207334273
91.76420454545455
86.82310984308131
85.52023121387283
86.01849217638691
85.77556818181819
81.55555555555556
83.9017094017094
78.31267605633803
88.69714285714285
84.51142857142857
86.9831223628692
85.9676511954993
96.86260623229462
85.80952380952381
85.77122302158273
85.3556187766714
80.36728837876615
86.41714285714286
86.54373177842565
88.91079136690648
88.9492957746479
84.6045519203414
98.9543509272468
91.33
86.7290780141844
82.79833101529903
82.58806818181819
89.96
85.46799431009957
92.74122807017544
87.76419213973799
87.177304964539
81.84714285714286
88.9986013986014
92.08057553956834
84.22489391796323
87.28737300435414
78.26811594202898
86.60518731988472
88.85264663805437
85.59971098265896
85.74344023323616
83.03151862464183
92.7941585535466
82.41043723554301
91.74818049490538
77.48368794326241
80.66761768901569
86.97819767441861
89.84693877551021
87.5
88.79710144927536
86.78601997146933
91.83908045977012
84.75613275613276
86.05120910384068
86.58149171270718
79.10579710144927
95.36350777934936
109.42196531791907
89.26495726495726
89.17510853835022
84.86474820143884
91.19574468085106
81.64367816091954
89.42368045649073
86.65507246376812
80.96075581395348
89.28368794326241
83.8488888888889
83.24393723252497
98.44600280504909
91.64265536723164
88.54609929078015
84.8177966101695
82.6257225433526
80.33667621776505
89.2524964336662
95.72005772005772
88.92571428571429
90.13896848137536
97.44269340974212
93.63096960926194
87.55285714285715
87.85858585858585
80.28696925329429
98.00143061516452
82.72063037249283
88.75431034482759
89.5106082036775
87.65912305516265
91.48759124087591
82.31082981715893
82.00142045454545
85.6312769010043
83.67496339677892
88.85917496443813
77.19740634005764
89.61235955056179
90.08248914616497
93.44257703081233
86.826895565093
83.47507331378299
81.73408769448373
89.32005689900427
81.77374301675978
80.3768115942029
82.41654571843252
85.51631205673759
85.24821683309558
86.94428571428571
88.93039772727273
91.14851485148515
86.7936507936508
103.03129445234708
82.00729927007299
81.30736543909349
80.74504249291785
91.56395348837209
101.46742209631728
84.01697312588402
86.70911722141824
86.86849710982659
89.0849582172702
83.05428571428571
86.55285714285715
83.27414772727273
78.40665701881332
84.11832611832612
96.9031339031339
84.68827586206896
90.04824561403508
82.89837997054492
88.0273381294964
85.28753541076487
82.27729885057471
90.52941176470588
81.33286318758815
87.93023255813954
87.57464788732395
87.92644978783592
87.59420289855072
90.2039942938659
87.60168302945301
86.31857142857143
87.98288159771755
83.6953455571227
82.77968526466381
91.64183381088826
89.44964539007093
90.54218533886583
88.9820193637621
88.3119658119658
94.32863187588153
90.71082621082621
83.98268398268398
80.12624113475178
82.98426323319028
84.27785817655571
92.87124463519314
94.89558823529411
86.05292479108635
85.68776978417266
83.58910162002945
83.55377906976744
96.52155172413794
81.93705293276109
86.68812589413447
87.5806916426513
87.56040756914119
84.81676136363636
96.59768451519537
85.86182336182337
88.24034334763948
109.84113475177305
82.07769784172662
89.40317919075144
77.49568965517241
94.11142857142858
90.20773638968481
89.82510578279266
90.17919075144509
90.65673758865248
86.01870503597122
84.55211267605634
81.99429386590585
90.29271708683473
87.8242074927954
89.86206896551724
91.27181688125894
89.1032531824611
91.88428571428571
83.91714285714286
87.50287356321839
93.33475783475784
95.30515759312321
84.55414908579465
79.99278499278499
