301.1819047619048
364.8512869399428
318.7089201877934
320.7554918815664
329.9706994328923
297.07088122605364
359.2994350282486
317.1591992373689
355.07528957528956
282.398288973384
298.00857142857143
321.89721421709896
285.339336492891
330.4784276126558
314.41491395793497
277.0469483568075
331.65300285986655
306.3204633204633
355.1006647673314
295.7390476190476
296.5391879131256
299.94691943127964
324.438330170778
310.4961612284069
329.4432692307692
341.9653846153846
332.91674641148325
284.2332053742802
322.57061611374405
320.6442307692308
347.0570599613153
308.194523135033
297.0351043643264
270.1413662239089
358.57779886148006
272.6711668273867
314.36206896551727
284.9791666666667
292.14134615384614
277.6174168297456
318.5488505747126
306.4744947064485
351.50333016175074
297.5437079731028
297.1010587102984
289.13671128107075
262.3554274735831
293.2478632478632
333.7108778625954
290.47342995169083
293.8814531548757
323.75166508087534
333.9191530317613
300.1492248062016
245.0
285.5084905660377
320.9767441860465
342.4100856327307
315.58490566037733
248.24952741020795
282.14191729323306
302.7330791229743
299.5873320537428
301.2015503875969
306.48664122137404
324.73055028463
302.0436847103514
277.38535645472064
303.23854961832063
328.2895493767977
285.0159027128157
229.6102661596958
304.0922053231939
235.05352112676056
261.69052224371376
280.3472762645914
248.40379146919432
291.60758293838865
314.839552238806
316.83849765258213
294.3043071161049
274.97196261682245
307.73238095238094
302.7000955109838
291.9665711556829
298.2453007518797
268.53095684803003
240.54829545454547
251.35232668566002
263.55916030534354
258.9488151658768
269.32230623818526
296.0642722117202
263.2354066985646
266.1206409048068
275.91491395793497
257.1661918328585
283.6331417624521
339.36389413988655
280.288038277512
222.04238921001928
288.75192307692305
276.7348484848485
245.97000937207122
248.38028169014083
291.4547152194211
289.26985645933013
258.50287907869483
267.0952830188679
315.16999050332385
242.73971291866027
248.565965583174
245.2250957854406
250.5916030534351
268.67248062015506
236.43389199255122
279.4190476190476
296.05625606207565
250.08848715509038
291.9230769230769
266.1568075117371
272.9535984848485
288.70864661654133
283.81844106463876
280.6075471698113
242.125468164794
227.79905660377358
259.82089552238807
282.42095053346264
244.72908745247148
255.89423984891408
286.02457466918713
248.78060263653484
233.58666666666667
242.65359477124184
247.5823754789272
227.96740172579098
274.6040076335878
221.5056818181818
224.71751968503938
227.61853658536586
256.73593898951384
273.14744801512285
264.74858757062145
285.71848341232226
241.65475070555033
263.44106463878325
271.5856727976767
251.2835394862036
286.0483870967742
238.6439393939394
253.54043767840153
292.54528122020974
233.07663197729423
255.75425330812854
246.66312741312743
211.30931796349662
270.9598470363289
255.82625482625483
293.7419047619048
253.32
245.64811320754717
239.54937679769895
244.77938342967244
252.57022471910113
232.75515947467167
201.45925215723872
254.1967680608365
224.43909348441926
208.08159392789375
269.9079812206573
209.99904489016237
206.4299424184261
219.29506641366223
206.82230623818526
242.6800382043935
187.4214559386973
245.47899159663865
247.480642115203
256.3785578747628
232.4413988657845
274.0428849902534
221.33365384615385
226.30075901328274
234.46322827125118
251.59490084985836
215.2707340324118
217.13371537726837
276.5245143385754
242.3029126213592
271.0403458213257
196.720908230842
208.06268081002892
290.4049665711557
217.21516587677726
225.18962264150943
236.63532763532763
273.2294776119403
291.55492424242425
281.89641819941914
202.0919651500484
270.08396946564886
200.0869980879541
219.29770992366412
227.20191387559808
241.3988603988604
253.18515037593986
232.753861003861
243.9483082706767
209.94832535885166
253.2309885931559
255.61748120300751
242.66730401529637
233.38323917137475
197.29657794676805
252.04114832535885
243.1090909090909
257.04752851711027
214.9234496124031
185.2326685660019
237.4530651340996
279.6457943925234
220.90276453765492
215.92570869990226
216.23134328358208
175.56976744186048
206.07984790874525
212.83788878416587
256.3349101229896
230.17545541706616
284.21556886227546
228.39154929577464
195.71928166351606
266.5875706214689
188.76091081593927
220.80115273775215
202.29406220546653
185.31130268199234
209.10298363811356
225.9469194312796
223.05645933014355
219.78109932497588
256.1620325982742
257.4653179190751
225.29622641509434
229.47297297297297
228.85470085470087
258.82554814108676
196.63167760074975
239.06296992481202
210.36746411483253
184.3
232.14340712223293
193.98594189315838
205.14923954372622
202.1194731890875
222.19431279620852
225.37297811607993
217.80925401322003
216.4418828049952
236.58925143953934
230.59961127308065
232.16714150047483
236.17713214620431
213.6702025072324
208.40267175572518
206.6313276026743
205.69072164948454
219.78383458646616
207.3090047393365
217.56344696969697
215.33525456292026
280.6228733459357
229.28815165876776
209.7292069632495
183.54170661553212
217.47826086956522
249.61963775023833
192.76735459662288
241.77799227799227
235.92060491493385
212.1723163841808
197.3206106870229
210.79545454545453
248.83822138126774
226.7678916827853
214.47876447876448
213.88190476190476
211.50662878787878
212.27107279693487
236.23142050799623
219.73333333333332
220.72752548656163
223.95750708215297
204.9758919961427
169.50240153698368
200.29545454545453
190.28180039138942
196.40986717267552
193.35734597156397
187.63342830009498
213.54043767840153
219.86143410852713
200.07816968541468
148.3484419263456
191.35499515033948
181.19296577946767
212.93767705382436
218.95606494746895
231.6451612903226
217.14597156398105
188.59617224880384
228.23091603053436
211.5287464655985
157.91196172248803
191.95748792270533
224.2878645343368
178.78842504743832
177.56285714285715
227.55769230769232
180.63619047619048
231.12851782363978
180.11165048543688
178.54190476190476
168.45794392523365
189.73644148430066
213.67323943661972
178.83822138126774
179.24497607655502
230.4391179290508
176.05518553758324
186.41926345609065
161.6540999057493
207.6067415730337
193.12689393939394
191.43358633776091
198.98275862068965
217.9828897338403
206.78011472275335
245.68732394366197
210.81130268199234
198.79767666989352
198.83566760037348
171.05078125
224.61021759697257
188.76059113300494
184.48115942028986
155.7057142857143
185.79043062200958
221.42951750236517
184.6903409090909
207.71549295774648
176.44045368620039
216.51477597712108
180.16874400767017
161.20865384615385
165.4696394686907
200.11797752808988
154.68217054263565
198.72413793103448
194.26812977099237
184.483537158984
181.43502824858757
183.65038314176246
232.15151515151516
161.3176248821866
184.75992438563327
190.61241768579492
193.26037735849056
279.04401913875597
202.96161048689137
183.68049010367577
161.890873015873
220.96351730589336
247.40986717267552
178.0565134099617
173.7717287488061
185.77682811016143
200.1984877126654
193.97641509433961
185.00095510983763
195.71374045801528
209.80809031044214
158.48352713178295
171.6625
194.67857142857142
147.76981852913084
162.6206244087039
177.14583333333334
257.5453703703704
232.25072324011572
214.52485659655832
243.6337099811676
158.2118320610687
177.48759541984734
158.72168905950096
191.7340425531915
185.3806763285024
190.52636625119845
182.46748350612629
172.24554826616682
130.2820019249278
135.27466150870407
123.8
144.47646493756002
168.4270428015564
129.86266924564796
184.38915318744054
139.49340866290018
135.42030360531308
144.07129094412332
159.41392285983068
140.601686972821
185.9306742640076
173.87078109932497
128.08100289296047
138.39581351094196
143.32793136320305
125.0674373795761
206.60372093023256
141.11324376199616
133.45761078998072
147.84499054820415
115.93270142180094
152.17979610750695
147.75309818875118
121.96011396011396
153.1152030217186
179.75678294573643
145.77456647398844
157.12164750957854
136.96647509578543
127.35741811175338
138.51330798479088
196.62121212121212
130.29551954242135
157.31981132075472
130.24760994263863
146.9361904761905
123.55726660250241
157.4468085106383
133.27625354777672
135.4378585086042
148.27042253521128
134.86346516007532
137.8145009416196
142.20821394460364
128.53765490943755
141.79923150816524
152.55429650613786
128.46264367816093
123.88675623800384
150.3447619047619
153.17035611164582
125.60339943342777
109.54368932038835
139.20551855375834
132.99619771863118
121.0284090909091
185.42696629213484
142.35496183206106
133.2831094049904
141.63097514340345
159.1070745697897
132.8281101614435
148.4810606060606
108.6903409090909
128.73490566037736
184.53185328185327
131.79475164011245
149.24718045112783
125.75
151.61348528015193
141.03742802303262
197.46190028222014
176.03735632183907
134.27401129943502
156.61179828734538
152.99230028873916
116.34036433365293
123.02859866539562
156.44744455159113
121.26526717557252
143.90761904761905
159.9063670411985
131.63203050524308
142.34761904761905
206.40284360189574
116.09714285714286
118.62380952380953
139.44053282588013
125.12822966507177
195.23512747875355
143.38104265402845
156.62463907603464
137.6244087038789
123.04285714285714
122.99904942965779
133.66158245948523
141.36912751677852
