357.1583969465649
270.30977734753145
303.743961352657
288.12075471698114
253.24857685009488
285.7556818181818
292.30924855491327
305.0315186246418
218.88432122370938
285.53326996197717
309.7705544933078
302.0057636887608
300.6947069943289
264.8529130850048
259.6644034917556
241.49173955296405
315.2739463601533
287.2857142857143
265.9227799227799
354.5240793201133
212.46608527131784
297.71153846153845
299.55004766444233
323.6566147859922
255.53942307692307
291.8152380952381
237.7574879227053
248.70689655172413
293.52616555661274
254.88740458015266
267.1210676835081
299.55004766444233
239.25697786333012
281.3198113207547
253.40133460438514
346.2288372093023
296.3862745098039
276.0544933078394
295.8421052631579
163.23676612127045
297.03636363636366
257.82535211267606
251.3839541547278
282.90849056603776
296.61918328584994
247.76587677725118
227.46425166825549
285.30945558739256
311.8276863504356
282.16336166194526
244.78674351585013
324.23919308357347
215.83996212121212
223.13706563706563
209.7370441458733
277.8110161443495
270.5505293551492
303.93155893536124
308.15259117082536
242.7678916827853
236.34003831417624
205.93345829428304
261.91083413231064
255.84431709646609
246.82629558541268
183.27402473834442
232.40134099616859
264.85174693106705
216.9021113243762
293.47483380816715
246.61759082217972
318.7637415621987
263.79845708775315
277.41192917054985
243.25262154432792
237.3898635477583
184.88601532567048
221.83586337760912
247.55912961210976
213.35249042145594
261.3130352045671
252.24423076923077
220.37940896091516
258.7891737891738
268.179584120983
234.2376893939394
180.30886558627265
256.57535545023694
276.60056925996207
260.87835249042143
304.4404536862004
278.7919075144509
232.8994252873563
200.49418604651163
285.2435775451951
213.07543520309477
225.88684719535783
240.63333333333333
193.22770398481973
231.32629558541268
195.0037558685446
244.36210317460316
227.5071360608944
247.35586854460095
284.6207892204042
248.84831460674158
208.86907020872866
213.14828897338404
309.8879142300195
278.16201117318434
197.7730294396961
182.2468899521531
280.4642166344294
204.6939364773821
221.02338634237606
212.94913627639156
207.80663507109006
171.7766355140187
225.41382575757575
180.56634615384615
263.78922040423487
234.32983794089608
229.58357211079274
212.8013371537727
191.40786948176583
227.37247353224254
304.92132701421804
208.1611374407583
217.7375478927203
214.14622641509433
202.37008628954936
255.13403041825094
267.68436018957345
217.44045368620039
210.71374045801528
214.01140684410646
215.81826741996232
232.2375478927203
307.54214559386975
251.80018850141377
252.34339622641508
208.15764023210832
238.41062801932367
216.83552631578948
167.06673021925644
246.28474903474904
223.47058823529412
235.9452830188679
291.34034416826006
155.93451824134706
222.34611697027805
252.23664122137404
248.30769230769232
231.24952015355086
228.51136363636363
268.31368821292773
179.69915651358951
224.7936660268714
169.19811320754718
195.58896289248335
212.65028901734104
195.4326107445806
259.59714285714284
220.32718446601942
214.6267942583732
270.7683615819209
252.60919540229884
262.63307984790873
216.3523166023166
230.93930905695612
239.2164461247637
248.33620689655172
216.6096207215541
245.76263107721638
248.90435606060606
193.40478468899522
237.3019230769231
227.79245283018867
229.12487992315081
186.51883239171374
222.27377521613832
192.24544582933845
229.41994247363374
221.22552783109404
242.71360153256705
206.80970504281638
219.12440645773978
187.20500481231954
247.45318352059925
247.08079847908746
196.26300851466414
175.8694418164617
196.82262703739215
195.1024154589372
264.9121298949379
275.67483506126297
247.36030103480715
257.495183044316
242.70458891013385
215.43683702989392
207.2962962962963
195.81520692974013
166.6641148325359
212.2741935483871
187.96581196581195
197.7650429799427
252.72579098753596
165.25655976676384
246.38920454545453
194.82658959537574
225.63117870722434
178.94169096209913
242.68530805687203
224.312440645774
297.9516587677725
212.2096618357488
214.92469018112487
253.73014354066984
204.0676982591876
219.44933078393882
207.4178674351585
165.0009541984733
195.51272384542884
199.1099324975892
204.10065851364064
179.41532639545883
158.746138996139
180.58913250714966
187.2793136320305
182.61761949390817
160.33142857142857
205.4135265700483
243.39696106362774
175.4516129032258
255.88331726133077
173.2941176470588
249.57403846153846
195.67843511450383
210.47720659553832
180.85632183908046
185.00477554918817
222.0957746478873
170.06439393939394
195.54956689124157
219.89113680154142
200.79672447013488
208.3323782234957
177.86100386100387
190.90057361376674
228.15988647114474
247.5729366602687
179.26467847157502
213.3048433048433
159.17748091603053
216.99319727891157
193.98836081474298
220.84015223596575
132.75142857142856
233.0940170940171
178.03313840155946
220.69499527856468
244.19809523809525
178.0057636887608
188.90362595419847
243.59428571428572
148.0733082706767
205.1540642722117
188.72088546679498
193.05719733079124
223.99621212121212
253.96425120772946
211.71794871794873
156.61647727272728
189.97058823529412
206.07954545454547
171.00968992248062
227.4322033898305
201.43555973659454
155.3413926499033
221.32291666666666
211.48212560386474
207.11059044048736
171.92031098153547
162.93179634966378
146.75471698113208
230.6385767790262
196.40439770554494
209.45805207328834
175.71763602251409
145.1264258555133
238.14517669531998
206.1663479923518
222.42430086788815
232.1704761904762
139.4360465116279
227.59305689488912
177.83098591549296
194.71809523809523
229.84185606060606
172.78483412322274
145.89312977099237
194.63454198473283
173.5260663507109
149.75072744907857
162.12124151309408
152.73892100192677
150.77620396600565
173.5316091954023
181.09798270893373
226.81626794258372
204.91522157996147
179.88993414863594
211.41611374407583
220.5701839303001
150.05487228003784
146.55608365019012
239.78482228626322
218.35220729366603
178.90508149568552
155.71550094517957
135.6897533206831
184.14962121212122
181.53707224334602
194.32791586998087
170.88815165876778
227.79227053140096
187.52722063037248
207.81098696461825
155.70896946564886
177.47288296860134
176.0198113207547
172.79905213270143
154.09291187739464
215.55942028985507
156.22602089268756
175.15413891531875
239.0799238820171
232.00188679245284
169.7271872060207
187.7844827586207
152.81491973559963
220.590395480226
128.23455598455598
139.612810707457
184.35376044568244
137.5234899328859
131.23751178133836
166.1251193887297
213.84952380952382
186.9619771863118
133.30555555555554
226.931906614786
156.79708737864078
173.54015296367112
164.9838249286394
184.5033365109628
151.7933014354067
139.47954329210276
176.85590778097983
168.13662239089183
166.79980657640232
151.8653483992467
157.30263157894737
156.59027128157157
136.72174738841406
157.14133591481124
159.4803827751196
171.34489222118088
151.38349514563106
136.49618320610688
222.03238095238095
173.7640342530923
172.07932011331445
192.12678741658723
145.8286270691334
173.24478178368122
164.42438563327033
171.34774436090225
182.10710900473933
174.68455743879474
145.70458891013385
180.09496676163343
192.47600767754318
148.4858223062382
207.70467289719628
161.08530805687204
130.94928229665072
225.8111217641419
191.9715909090909
135.25621414913957
158.69990592662276
238.98833819241983
210.35458937198067
182.95424213536702
182.3276836158192
185.33173996175907
184.62535748331746
134.9655172413793
153.81526861451462
175.4638379942141
126.055822906641
111.31433998100665
131.89373814041747
138.53098188751193
128.18553758325405
122.3142311365807
111.95553453169347
127.82580037664783
133.35071090047393
111.8969465648855
128.32206572769954
140.95896946564886
118.39402697495183
124.02972195589645
162.98455598455598
127.9478672985782
133.1656862745098
111.2381413359148
127.00565504241281
128.28460793804453
164.34359961501443
134.36457357075915
136.66635249764374
135.61361457334613
167.84205607476636
138.71539206195547
131.99904489016237
133.4574162679426
104.58260869565217
180.70986460348163
130.63969896519285
105.04627006610009
141.2298739088264
143.19981149858623
109.75915221579962
122.75757575757575
178.37463414634146
113.3170731707317
135.97076023391813
121.86776061776062
121.85160038797284
121.13684210526316
118.38924930491196
129.9405756731662
131.8114832535885
106.60556621880998
113.22674418604652
114.79923518164436
160.43946615824595
130.76072449952335
119.88285714285715
123.36970837253057
107.01816443594646
132.50759013282732
127.91761363636364
116.07938044530493
111.7131931166348
179.77808727948005
143.0124164278892
120.9875478927203
116.15137180700094
171.89323164918972
139.6521327014218
129.21008403361344
110.87786259541984
128.4557564224548
176.5764150943396
118.67264150943396
120.38273921200751
168.25047801147227
182.16682554814108
181.55927342256214
181.3629417382999
113.91809523809523
126.37104506232023
186.1235741444867
171.07685009487665
166.64727954971858
133.53053435114504
108.94274809160305
126.3425572519084
113.91721542803387
140.70622009569377
111.52023121387283
132.03308128544424
145.77272727272728
119.92652671755725
123.7151051625239
133.80736543909347
119.76748582230624
121.70178739416745
114.29428571428572
116.07859848484848
138.18867924528303
131.8367924528302
121.01729106628243
113.2066037735849
113.4047619047619
109.01158301158301
119.07046332046332
